userID,movieID,rating
2401,2987,5
2401,2997,5
2401,589,5
2401,1408,5
2401,1279,4
2401,913,4
2401,920,4
2401,785,5
2401,2406,4
2401,1610,4
2401,2433,3
2401,3408,4
2401,3267,4
2401,3430,4
2401,223,5
2401,2683,5
2401,1101,4
2401,2858,5
2401,457,5
2401,480,5
2401,1196,5
2401,1198,5
2401,1343,5
2401,3107,4
2401,858,5
2401,2333,4
2401,2336,4
2401,2366,5
2401,3176,3
2401,110,5
2401,3185,3
2401,2395,4
2401,2396,4
2401,2706,5
2401,2707,5
2401,2568,4
2401,3510,2
2401,2716,4
2401,2571,5
2401,2906,2
2401,2763,4
2401,1968,4
2401,1036,5
2401,2947,5
2401,1210,5
2401,1220,5
2401,1222,5
2401,2028,4
2401,555,5
2401,1093,4
2402,2987,3
2402,2988,3
2402,2989,4
2402,2990,3
2402,2054,2
2402,1253,3
2402,724,4
2402,1258,3
2402,1259,4
2402,589,5
2402,6,4
2402,1408,4
2402,1262,4
2402,2065,4
2402,1263,4
2402,2067,4
2402,590,3
2402,592,4
2402,1411,3
2402,2070,3
2402,1270,4
2402,1417,2
2402,1272,5
2402,1273,4
2402,2076,5
2402,1275,4
2402,1277,4
2402,3029,4
2402,750,4
2402,1285,3
2402,2088,2
2402,1286,4
2402,3032,4
2402,3033,1
2402,2231,3
2402,3035,4
2402,3036,4
2402,3039,5
2402,1291,4
2402,1293,4
2402,1294,4
2402,2097,3
2402,1295,4
2402,762,3
2402,1296,3
2402,1297,4
2402,1299,3
2402,765,2
2402,3042,2
2402,2240,5
2402,2243,3
2402,2245,3
2402,910,4
2402,3048,3
2402,2247,3
2402,912,4
2402,2248,4
2402,920,4
2402,921,4
2402,923,4
2402,2259,3
2402,924,4
2402,780,4
2402,788,3
2402,2401,4
2402,2402,3
2402,2403,3
2402,1601,3
2402,3206,3
2402,3060,3
2402,2404,3
2402,2405,3
2402,1603,3
2402,3062,4
2402,2406,5
2402,2407,4
2402,3066,3
2402,2268,4
2402,1466,4
2402,2269,2
2402,3210,4
2402,2411,3
2402,3070,3
2402,3072,3
2402,1617,4
2402,1619,3
2402,2278,3
2402,2420,3
2402,2423,4
2402,2280,3
2402,2427,4
2402,1627,4
2402,2288,5
2402,2431,1
2402,3235,3
2402,2435,3
2402,2290,3
2402,2291,2
2402,2297,3
2402,1498,2
2402,968,3
2402,969,3
2402,2441,4
2402,1645,3
2402,2450,3
2402,3255,3
2402,2454,3
2402,3257,3
2402,2455,3
2402,1653,4
2402,988,4
2402,3401,2
2402,2600,3
2402,3403,3
2402,3260,3
2402,1805,3
2402,1663,4
2402,2467,4
2402,2468,2
2402,2469,2
2402,996,4
2402,1810,3
2402,2613,4
2402,2615,3
2402,3418,3
2402,3272,4
2402,2616,2
2402,2473,2
2402,2474,3
2402,2475,3
2402,2476,3
2402,1674,3
2402,2478,2
2402,1676,4
2402,3424,2
2402,3427,3
2402,2628,4
2402,1682,2
2402,1690,3
2402,2639,2
2402,1694,4
2402,225,4
2402,3441,4
2402,3442,2
2402,2641,3
2402,2642,3
2402,2643,2
2402,1841,3
2402,3448,3
2402,230,2
2402,249,3
2402,2802,3
2402,2662,3
2402,2664,3
2402,2668,3
2402,2669,3
2402,253,2
2402,254,1
2402,3471,4
2402,3619,2
2402,2672,3
2402,1873,3
2402,3479,4
2402,1876,4
2402,260,4
2402,266,4
2402,2827,1
2402,1882,3
2402,412,3
2402,2688,3
2402,272,2
2402,3638,3
2402,2699,2
2402,1101,3
2402,3649,2
2402,431,3
2402,434,4
2402,435,1
2402,292,4
2402,293,4
2402,296,5
2402,3654,3
2402,442,2
2402,2862,1
2402,1127,4
2402,1129,4
2402,454,4
2402,3810,4
2402,3811,3
2402,1130,4
2402,2872,5
2402,1135,4
2402,2875,3
2402,608,4
2402,3683,4
2402,3684,3
2402,3685,4
2402,3688,3
2402,3689,2
2402,477,2
2402,3834,2
2402,3836,4
2402,3690,2
2402,2890,3
2402,3697,3
2402,3698,2
2402,3699,4
2402,480,4
2402,2100,4
2402,1301,3
2402,1302,5
2402,3844,2
2402,2105,3
2402,2110,2
2402,2111,2
2402,2114,4
2402,2115,4
2402,2116,3
2402,2117,4
2402,2118,3
2402,1177,2
2402,1179,4
2402,647,3
2402,2121,2
2402,1320,4
2402,1321,3
2402,2126,3
2402,1183,4
2402,650,3
2402,1186,3
2402,2130,4
2402,2134,3
2402,800,4
2402,3877,2
2402,805,3
2402,1196,5
2402,1197,3
2402,1198,5
2402,1199,4
2402,2143,3
2402,2144,4
2402,2146,3
2402,2147,3
2402,1346,3
2402,674,2
2402,678,4
2402,2150,4
2402,1356,3
2402,1358,4
2402,3100,4
2402,3101,4
2402,3102,4
2402,3104,3
2402,1500,4
2402,3105,2
2402,3107,3
2402,3108,2
2402,3109,3
2402,1366,3
2402,3111,4
2402,2311,3
2402,2313,4
2402,1371,3
2402,2174,4
2402,1372,3
2402,1373,3
2402,1374,4
2402,1375,4
2402,1376,4
2402,1377,3
2402,1378,3
2402,3127,2
2402,1381,1
2402,858,5
2402,3138,3
2402,2336,4
2402,2193,3
2402,1391,4
2402,2194,4
2402,1394,4
2402,1395,3
2402,1396,3
2402,866,3
2402,3141,3
2402,2344,4
2402,1544,4
2402,2348,3
2402,2349,4
2402,2352,4
2402,1552,3
2402,3308,4
2402,1704,3
2402,3165,2
2402,2363,2
2402,2364,2
2402,1562,3
2402,2365,1
2402,3169,3
2402,2369,3
2402,2511,3
2402,1711,3
2402,2371,2
2402,2518,3
2402,3175,4
2402,2373,3
2402,3176,2
2402,2375,3
2402,1573,4
2402,2376,3
2402,2378,3
2402,1721,5
2402,2525,1
2402,2380,3
2402,2527,4
2402,1580,3
2402,110,5
2402,2529,5
2402,1727,3
2402,1729,3
2402,2387,2
2402,1586,2
2402,1587,4
2402,1589,3
2402,2530,3
2402,2531,3
2402,2532,2
2402,2533,3
2402,1732,2
2402,2535,2
2402,3339,4
2402,1590,2
2402,2393,3
2402,1591,2
2402,3196,4
2402,3197,3
2402,1747,3
2402,1748,5
2402,1758,4
2402,2701,1
2402,2702,3
2402,3505,4
2402,3360,4
2402,3361,5
2402,3362,3
2402,2561,3
2402,3366,3
2402,3367,3
2402,150,3
2402,151,4
2402,159,3
2402,1912,4
2402,3372,3
2402,2716,4
2402,2570,4
2402,1914,4
2402,2717,3
2402,2571,4
2402,2718,3
2402,300,3
2402,1917,4
2402,1918,3
2402,160,3
2402,161,4
2402,1779,3
2402,3524,4
2402,2722,4
2402,1920,2
2402,3525,3
2402,3527,4
2402,3528,4
2402,2580,5
2402,3529,4
2402,3385,2
2402,1927,4
2402,3387,2
2402,3388,1
2402,1785,3
2402,316,3
2402,2589,4
2402,318,5
2402,173,1
2402,2734,4
2402,3391,2
2402,2739,4
2402,327,1
2402,329,4
2402,3543,4
2402,3545,4
2402,2745,4
2402,2746,3
2402,1944,4
2402,2748,3
2402,11,2
2402,337,3
2402,338,3
2402,193,3
2402,17,3
2402,196,2
2402,198,4
2402,3550,3
2402,3552,4
2402,1953,4
2402,2758,2
2402,1956,2
2402,1019,3
2402,340,3
2402,1957,3
2402,1958,3
2402,1959,4
2402,21,3
2402,346,4
2402,3701,3
2402,3702,4
2402,3703,5
2402,3704,4
2402,3707,3
2402,1960,4
2402,1961,4
2402,2764,3
2402,1965,3
2402,1968,3
2402,356,4
2402,36,3
2402,2915,4
2402,2916,3
2402,2917,5
2402,2919,4
2402,1034,3
2402,1036,5
2402,1037,2
2402,41,4
2402,43,3
2402,45,3
2402,367,3
2402,3724,2
2402,3725,2
2402,2926,2
2402,3729,3
2402,3584,3
2402,2928,3
2402,2929,3
2402,511,3
2402,3586,4
2402,516,3
2402,517,3
2402,50,4
2402,58,4
2402,3734,4
2402,3735,3
2402,3591,3
2402,1051,3
2402,2791,4
2402,2792,2
2402,2794,3
2402,2796,3
2402,1994,4
2402,524,4
2402,2797,4
2402,527,5
2402,529,4
2402,388,4
2402,2000,4
2402,3740,3
2402,2001,3
2402,2002,3
2402,1200,4
2402,2003,3
2402,2942,3
2402,2005,2
2402,1204,5
2402,2944,4
2402,1206,4
2402,2009,5
2402,1208,5
2402,535,2
2402,537,4
2402,70,3
2402,2011,3
2402,2012,3
2402,1210,4
2402,2950,1
2402,3753,4
2402,1213,5
2402,1214,5
2402,1215,3
2402,1217,5
2402,541,5
2402,1077,3
2402,1079,3
2402,85,4
2402,2020,4
2402,2021,4
2402,1220,4
2402,2023,3
2402,1221,5
2402,3763,3
2402,1222,4
2402,3765,4
2402,1224,4
2402,1225,4
2402,2028,5
2402,1227,4
2402,1081,3
2402,1228,4
2402,1084,4
2402,1088,3
2402,555,4
2402,1089,4
2402,3916,4
2402,1230,3
2402,1231,5
2402,2034,3
2402,1233,4
2402,1234,4
2402,2975,2
2402,1090,5
2402,1238,4
2402,1094,2
2402,707,3
2402,1095,4
2402,1097,3
2402,3926,4
2402,3927,3
2402,1240,4
2402,1242,4
2402,2046,3
2402,1245,4
2402,2985,3
2402,2986,3
2403,2989,2
2403,3793,3
2403,2054,4
2403,2993,2
2403,2058,4
2403,1258,5
2403,589,4
2403,3000,5
2403,1,5
2403,6,2
2403,1407,5
2403,1408,5
2403,1265,5
2403,733,3
2403,1270,5
2403,1274,5
2403,741,5
2403,2078,3
2403,2082,3
2403,1429,2
2403,3033,4
2403,3034,2
2403,1291,4
2403,910,2
2403,911,3
2403,924,3
2403,780,3
2403,2403,5
2403,2406,3
2403,1608,3
2403,1610,4
2403,2278,5
2403,3082,1
2403,1480,3
2403,2288,3
2403,968,3
2403,969,2
2403,2455,3
2403,1653,4
2403,3408,4
2403,3409,5
2403,1676,1
2403,3421,4
2403,2628,3
2403,3286,2
2403,2490,3
2403,2640,3
2403,2641,3
2403,2648,4
2403,1858,2
2403,2804,4
2403,2664,2
2403,3471,4
2403,3476,3
2403,1876,1
2403,260,5
2403,3623,4
2403,3624,5
2403,3481,3
2403,3633,1
2403,3635,2
2403,3638,1
2403,3639,2
2403,3499,3
2403,2699,4
2403,1101,4
2403,434,4
2403,292,3
2403,3654,3
2403,1127,3
2403,1129,3
2403,457,4
2403,1136,4
2403,474,3
2403,3836,5
2403,3699,3
2403,480,4
2403,1301,4
2403,2105,3
2403,1304,4
2403,494,2
2403,2115,2
2403,2116,3
2403,648,4
2403,1320,2
2403,1333,4
2403,1196,5
2403,1197,4
2403,1198,4
2403,671,3
2403,1356,2
2403,3104,4
2403,2167,3
2403,3114,4
2403,1370,3
2403,1372,5
2403,1374,3
2403,1527,3
2403,1387,5
2403,2194,4
2403,861,2
2403,3148,3
2403,2346,1
2403,2353,4
2403,1552,5
2403,3300,3
2403,1704,4
2403,2363,4
2403,2366,4
2403,3173,3
2403,1573,3
2403,3325,3
2403,2527,3
2403,1580,4
2403,110,5
2403,2529,3
2403,1584,1
2403,145,2
2403,3363,4
2403,3366,5
2403,1909,4
2403,1769,5
2403,2710,1
2403,3513,4
2403,3515,3
2403,1912,3
2403,2716,5
2403,2571,5
2403,163,3
2403,3527,3
2403,316,4
2403,170,5
2403,2746,3
2403,10,3
2403,3555,4
2403,1954,4
2403,1019,4
2403,344,4
2403,349,4
2403,3702,4
2403,3703,3
2403,3704,4
2403,2763,2
2403,353,4
2403,32,5
2403,356,5
2403,2912,4
2403,2916,3
2403,1036,3
2403,3578,5
2403,1047,3
2403,1049,4
2403,377,4
2403,1994,2
2403,2000,3
2403,2001,3
2403,1200,5
2403,2003,3
2403,1201,3
2403,2006,3
2403,2944,3
2403,2947,2
2403,2948,3
2403,2949,2
2403,2011,4
2403,1210,5
2403,3753,5
2403,2951,4
2403,1214,4
2403,1219,4
2403,541,4
2403,2021,4
2403,1220,3
2403,1222,4
2403,2028,5
2403,2968,4
2403,1097,3
2403,1240,3
2403,2046,4
2403,2985,4
2404,2997,5
2404,1259,5
2404,3,5
2404,6,3
2404,1265,4
2404,1266,3
2404,590,4
2404,592,3
2404,1270,4
2404,2231,4
2404,1291,5
2404,919,5
2404,788,4
2404,2268,4
2404,1466,4
2404,1617,3
2404,2278,5
2404,1479,3
2404,2291,3
2404,1645,4
2404,3255,3
2404,1805,4
2404,1673,3
2404,2478,4
2404,3424,4
2404,2628,4
2404,3438,3
2404,223,4
2404,3450,5
2404,246,5
2404,260,5
2404,3489,3
2404,431,4
2404,296,5
2404,2858,4
2404,457,3
2404,608,5
2404,480,4
2404,2100,2
2404,493,5
2404,1196,5
2404,1197,4
2404,1198,5
2404,673,3
2404,1361,5
2404,2174,3
2404,1377,3
2404,1378,4
2404,1379,3
2404,858,4
2404,2194,4
2404,1394,5
2404,1396,3
2404,1544,3
2404,1580,2
2404,110,5
2404,1729,5
2404,1589,4
2404,1732,4
2404,2542,5
2404,2701,1
2404,1912,3
2404,2716,3
2404,1920,4
2404,2580,4
2404,317,3
2404,3396,5
2404,22,3
2404,1967,3
2404,1968,4
2404,2918,4
2404,1035,1
2404,1036,4
2404,368,3
2404,47,5
2404,370,3
2404,50,5
2404,2791,5
2404,2000,3
2404,2005,5
2404,1061,4
2404,70,4
2404,538,3
2404,2012,4
2404,1210,5
2404,1213,5
2404,2023,4
2404,2028,5
2404,553,4
2404,555,4
2404,1089,5
2404,1234,4
2404,1090,4
2404,1097,5
2404,2985,4
2405,1262,5
2405,2067,4
2405,590,4
2405,592,2
2405,597,5
2405,1270,4
2405,2080,5
2405,3039,4
2405,1291,4
2405,1294,5
2405,919,5
2405,920,5
2405,933,4
2405,940,4
2405,941,3
2405,2424,5
2405,3098,5
2405,969,4
2405,3263,4
2405,2470,5
2405,2497,4
2405,3444,2
2405,260,2
2405,408,5
2405,3494,3
2405,1101,5
2405,2858,4
2405,3671,4
2405,3681,3
2405,3688,3
2405,1196,2
2405,2145,5
2405,1378,3
2405,1387,1
2405,2194,2
2405,1721,5
2405,110,3
2405,3365,5
2405,2570,3
2405,1931,4
2405,1008,5
2405,1952,2
2405,1962,5
2405,356,5
2405,2916,4
2405,1033,2
2405,1036,3
2405,2779,3
2405,2922,5
2405,2797,5
2405,527,4
2405,1201,4
2405,2951,4
2405,1082,4
2405,1231,5
2405,1234,5
2405,1097,2
2405,1240,4
2405,1247,3
2406,2987,2
2406,3791,4
2406,586,3
2406,587,5
2406,1409,3
2406,1265,4
2406,593,3
2406,597,5
2406,1270,3
2406,2245,4
2406,2247,3
2406,3068,5
2406,1617,3
2406,2424,4
2406,1485,3
2406,2431,4
2406,3244,4
2406,3249,5
2406,3252,5
2406,2469,2
2406,1674,5
2406,1678,4
2406,3421,3
2406,3430,4
2406,2639,4
2406,3448,3
2406,3450,3
2406,280,5
2406,2858,3
2406,3809,5
2406,1124,5
2406,454,4
2406,457,5
2406,1135,4
2406,2875,3
2406,2881,5
2406,3688,3
2406,3690,2
2406,1302,4
2406,3844,5
2406,1307,5
2406,490,4
2406,1193,5
2406,1358,5
2406,3100,4
2406,1500,4
2406,832,5
2406,3111,5
2406,2313,4
2406,1380,4
2406,858,3
2406,1393,5
2406,1395,3
2406,2352,4
2406,3157,2
2406,1704,5
2406,2369,4
2406,1569,3
2406,2375,3
2406,3178,4
2406,2520,4
2406,1721,4
2406,1727,3
2406,111,4
2406,3194,4
2406,3362,5
2406,3363,4
2406,2716,2
2406,3524,3
2406,1923,4
2406,1784,4
2406,318,5
2406,2736,4
2406,2739,5
2406,339,4
2406,1955,5
2406,1956,4
2406,1958,5
2406,2762,5
2406,1961,5
2406,1962,4
2406,350,4
2406,1968,4
2406,356,5
2406,34,2
2406,36,4
2406,2918,4
2406,3584,4
2406,3591,4
2406,2791,3
2406,527,3
2406,2002,4
2406,2942,4
2406,539,5
2406,1213,3
2406,1079,3
2406,1088,4
2406,1230,5
2406,1092,4
2406,1244,4
2407,2987,3
2407,1248,4
2407,1249,3
2407,1252,4
2407,1256,4
2407,589,5
2407,1,4
2407,2203,4
2407,2206,3
2407,2208,4
2407,1407,4
2407,1265,4
2407,1267,5
2407,1269,4
2407,593,3
2407,594,5
2407,595,5
2407,596,4
2407,1270,4
2407,1276,5
2407,1278,5
2407,3022,5
2407,2080,4
2407,2081,4
2407,1281,3
2407,1282,4
2407,1288,5
2407,3035,4
2407,3039,3
2407,904,5
2407,905,5
2407,1294,4
2407,907,5
2407,908,5
2407,3044,5
2407,910,5
2407,912,5
2407,913,4
2407,919,5
2407,920,3
2407,923,5
2407,926,4
2407,928,3
2407,3067,4
2407,930,5
2407,931,3
2407,933,5
2407,1617,4
2407,945,5
2407,946,3
2407,947,5
2407,949,4
2407,3086,5
2407,3088,4
2407,951,3
2407,3089,5
2407,2289,3
2407,954,4
2407,955,5
2407,3095,5
2407,965,5
2407,1674,1
2407,1826,3
2407,3435,5
2407,2804,4
2407,3462,4
2407,3629,4
2407,457,3
2407,3671,3
2407,1136,4
2407,608,4
2407,615,4
2407,1150,4
2407,1304,5
2407,2118,4
2407,1172,4
2407,1178,4
2407,1179,4
2407,3868,3
2407,1186,4
2407,3871,4
2407,3873,4
2407,800,4
2407,1344,4
2407,2300,5
2407,2160,4
2407,3114,4
2407,2174,2
2407,2186,5
2407,858,5
2407,3134,5
2407,1394,4
2407,2349,5
2407,3157,4
2407,3307,5
2407,898,5
2407,1719,4
2407,2384,1
2407,3334,3
2407,2551,4
2407,3359,5
2407,3363,4
2407,2716,3
2407,1919,4
2407,1934,3
2407,3396,4
2407,1939,4
2407,3543,3
2407,1945,4
2407,3551,4
2407,1950,4
2407,1953,5
2407,1019,4
2407,1022,3
2407,2762,5
2407,1028,5
2407,1029,4
2407,34,4
2407,1032,3
2407,1041,4
2407,50,4
2407,377,3
2407,2935,5
2407,2936,4
2407,2937,5
2407,527,4
2407,1207,4
2407,1211,1
2407,1212,5
2407,1213,4
2407,1214,4
2407,2018,3
2407,1219,4
2407,1073,4
2407,1079,4
2407,1221,5
2407,1224,4
2407,1225,4
2407,1080,4
2407,1084,4
2407,1086,3
2407,1089,4
2407,1230,4
2407,1231,5
2407,2973,3
2407,1238,4
2407,3925,4
2407,1240,5
2407,3929,5
2407,1242,4
2407,1244,3
2407,1247,5
2408,3005,5
2408,733,5
2408,736,3
2408,593,5
2408,1422,4
2408,1438,3
2408,924,3
2408,1615,4
2408,1617,3
2408,1480,3
2408,1645,3
2408,2605,4
2408,3408,4
2408,1674,5
2408,225,4
2408,230,5
2408,2803,5
2408,3476,1
2408,3481,3
2408,3484,4
2408,2688,3
2408,1892,5
2408,454,4
2408,2871,5
2408,2881,5
2408,3686,4
2408,2110,1
2408,2126,5
2408,1193,4
2408,1343,5
2408,1344,5
2408,1358,4
2408,3101,4
2408,3102,4
2408,1515,3
2408,3124,4
2408,852,4
2408,3148,4
2408,2353,4
2408,1552,4
2408,3160,4
2408,2505,3
2408,3318,4
2408,3173,4
2408,3176,4
2408,1573,4
2408,1721,3
2408,3354,4
2408,3510,5
2408,3513,5
2408,1783,4
2408,3534,4
2408,185,4
2408,3546,5
2408,16,3
2408,3555,2
2408,1953,4
2408,349,3
2408,2762,5
2408,2763,1
2408,3579,3
2408,47,4
2408,50,4
2408,62,4
2408,3747,1
2408,3753,2
2408,1092,4
2408,1096,3
2408,1240,2
2409,2987,4
2409,3948,5
2409,2065,3
2409,2067,5
2409,592,4
2409,594,5
2409,1270,4
2409,2081,3
2409,1286,4
2409,3033,2
2409,3039,4
2409,1291,3
2409,1299,4
2409,2243,4
2409,912,5
2409,2405,4
2409,2407,4
2409,3068,4
2409,3210,3
2409,2411,5
2409,3072,4
2409,2420,4
2409,2423,3
2409,3087,4
2409,3408,5
2409,1663,4
2409,2470,4
2409,2474,4
2409,1674,5
2409,3286,4
2409,3287,2
2409,2639,3
2409,3299,3
2409,3448,5
2409,2804,4
2409,2805,4
2409,3616,2
2409,3478,4
2409,3623,4
2409,3481,2
2409,2852,4
2409,2858,4
2409,1124,4
2409,608,4
2409,3684,4
2409,3685,3
2409,474,3
2409,3831,4
2409,2100,5
2409,1302,4
2409,3844,4
2409,3852,3
2409,2115,4
2409,3861,3
2409,3868,3
2409,2130,5
2409,3871,3
2409,2133,4
2409,1196,2
2409,1198,4
2409,2144,4
2409,2145,4
2409,1347,3
2409,3893,4
2409,3897,5
2409,3101,4
2409,2313,4
2409,1376,3
2409,1378,3
2409,1394,4
2409,899,4
2409,3317,2
2409,3173,3
2409,2518,3
2409,3189,5
2409,1592,3
2409,2396,5
2409,3501,4
2409,3504,4
2409,3505,4
2409,3361,4
2409,3510,5
2409,3512,5
2409,2716,4
2409,3536,3
2409,1939,5
2409,3398,3
2409,3545,4
2409,2746,4
2409,3551,4
2409,3554,3
2409,2752,3
2409,1956,5
2409,3701,4
2409,1961,3
2409,1962,4
2409,3717,4
2409,2915,4
2409,2918,4
2409,3578,5
2409,2929,4
2409,3591,4
2409,2791,3
2409,3594,4
2409,1994,4
2409,2797,4
2409,527,5
2409,2000,3
2409,1200,4
2409,2003,4
2409,2005,4
2409,1210,3
2409,3753,5
2409,1213,3
2409,3755,4
2409,1214,4
2409,1219,5
2409,1220,3
2409,3763,4
2409,1222,4
2409,2028,4
2409,1081,4
2409,1084,5
2409,1088,4
2409,3911,3
2409,3916,5
2409,1231,4
2409,1090,4
2409,1097,5
2409,1240,4
2409,1242,5
2409,3784,4
2409,1246,5
2409,1247,4
2410,2988,3
2410,1250,5
2410,1253,3
2410,2071,3
2410,1271,4
2410,1276,3
2410,3035,4
2410,902,4
2410,1293,5
2410,1296,4
2410,1299,3
2410,919,4
2410,920,4
2410,923,5
2410,924,4
2410,3062,3
2410,2268,4
2410,3217,4
2410,3071,3
2410,944,4
2410,949,4
2410,954,5
2410,2291,2
2410,3094,3
2410,3095,4
2410,971,3
2410,3251,3
2410,2459,2
2410,1810,3
2410,3271,3
2410,3418,4
2410,1672,4
2410,1678,4
2410,1682,2
2410,3296,4
2410,3448,3
2410,2804,3
2410,3461,3
2410,3471,4
2410,2686,4
2410,1885,2
2410,280,3
2410,1103,4
2410,3654,5
2410,2852,3
2410,2858,4
2410,3801,4
2410,1124,4
2410,2866,3
2410,3685,4
2410,488,3
2410,1302,3
2410,1186,3
2410,1193,5
2410,1196,4
2410,3100,4
2410,3105,4
2410,2313,3
2410,858,4
2410,1393,3
2410,1395,3
2410,3147,4
2410,2352,3
2410,2501,3
2410,3160,3
2410,3168,3
2410,3176,4
2410,1721,3
2410,1584,4
2410,3330,4
2410,3196,5
2410,3198,4
2410,2398,4
2410,1747,2
2410,3350,4
2410,3501,3
2410,3504,4
2410,150,5
2410,304,3
2410,2729,3
2410,1784,4
2410,318,4
2410,2739,4
2410,321,2
2410,3546,4
2410,1942,3
2410,1946,4
2410,11,4
2410,337,4
2410,1012,4
2410,1955,4
2410,1957,5
2410,21,2
2410,345,4
2410,25,2
2410,1962,4
2410,34,4
2410,2919,5
2410,3733,3
2410,527,5
2410,62,4
2410,1207,4
2410,1061,4
2410,1208,4
2410,1225,4
2410,1227,3
2410,1084,3
2410,1085,4
2410,1094,4
2410,1096,5
2410,1099,4
2410,1242,3
2410,1244,3
2410,1246,3
2411,2987,4
2411,3793,4
2411,2991,3
2411,1253,4
2411,2993,3
2411,1256,3
2411,2997,1
2411,1259,4
2411,587,1
2411,589,5
2411,1,3
2411,2,3
2411,2064,4
2411,1408,1
2411,1409,3
2411,1265,4
2411,733,4
2411,1269,3
2411,590,4
2411,736,2
2411,592,3
2411,3016,3
2411,2070,5
2411,1270,4
2411,1275,3
2411,2078,4
2411,1276,5
2411,1278,4
2411,2080,4
2411,1287,5
2411,1288,4
2411,3033,4
2411,3035,4
2411,3037,5
2411,3039,5
2411,1291,4
2411,2094,3
2411,1292,3
2411,1294,4
2411,2243,3
2411,2245,3
2411,910,4
2411,2247,3
2411,912,4
2411,913,4
2411,3052,3
2411,921,3
2411,785,5
2411,3203,4
2411,3060,5
2411,3061,4
2411,2406,3
2411,2407,4
2411,934,4
2411,3210,4
2411,1610,3
2411,3072,4
2411,3219,3
2411,1476,3
2411,945,4
2411,2427,4
2411,2428,3
2411,3088,4
2411,2287,3
2411,2289,4
2411,955,4
2411,2431,2
2411,2433,2
2411,3096,4
2411,1499,1
2411,968,4
2411,969,4
2411,1641,4
2411,3247,3
2411,3253,4
2411,3255,4
2411,3256,3
2411,2605,1
2411,2463,4
2411,1663,4
2411,3418,4
2411,2470,4
2411,1676,4
2411,208,4
2411,3421,5
2411,2628,2
2411,2490,4
2411,2496,4
2411,3448,4
2411,1848,4
2411,2657,4
2411,3600,3
2411,3606,4
2411,2804,5
2411,3608,5
2411,2660,3
2411,3613,4
2411,3614,4
2411,3471,4
2411,260,5
2411,2826,3
2411,2683,3
2411,1883,4
2411,2688,2
2411,3635,3
2411,1894,2
2411,2699,3
2411,2841,5
2411,434,2
2411,2858,4
2411,440,3
2411,3809,4
2411,1125,5
2411,1127,1
2411,455,3
2411,457,4
2411,3671,5
2411,2870,4
2411,2872,4
2411,1136,5
2411,2881,4
2411,3685,3
2411,471,3
2411,474,2
2411,480,3
2411,2100,4
2411,1301,3
2411,1304,5
2411,2108,4
2411,2109,3
2411,1307,4
2411,492,4
2411,1171,3
2411,648,3
2411,3868,3
2411,653,3
2411,2133,4
2411,3873,4
2411,1196,5
2411,1197,5
2411,1198,5
2411,1199,5
2411,2144,3
2411,2145,3
2411,2147,2
2411,2153,1
2411,1356,4
2411,688,3
2411,2300,4
2411,3104,3
2411,2302,4
2411,1500,3
2411,3108,5
2411,2167,4
2411,838,4
2411,1513,4
2411,1370,4
2411,1517,4
2411,2174,4
2411,1372,2
2411,840,1
2411,1374,5
2411,1377,2
2411,849,3
2411,2321,4
2411,2322,4
2411,1380,4
2411,852,3
2411,1387,5
2411,858,5
2411,2336,4
2411,2194,4
2411,1394,4
2411,1544,3
2411,2352,4
2411,1552,2
2411,3157,4
2411,2355,4
2411,2359,3
2411,3301,3
2411,3308,4
2411,2363,3
2411,1562,2
2411,2366,5
2411,2369,2
2411,1569,3
2411,898,4
2411,2371,3
2411,3174,2
2411,2518,3
2411,3175,4
2411,3178,3
2411,104,2
2411,1722,3
2411,2527,4
2411,1580,3
2411,110,5
2411,2529,3
2411,111,5
2411,1584,4
2411,3189,4
2411,1732,3
2411,2539,3
2411,3197,2
2411,2395,3
2411,2396,4
2411,3341,4
2411,1747,4
2411,144,3
2411,3501,3
2411,3504,4
2411,2702,3
2411,3506,4
2411,3361,3
2411,3362,3
2411,3363,5
2411,1769,5
2411,153,2
2411,2710,1
2411,2713,1
2411,3516,3
2411,1912,4
2411,2716,4
2411,2571,5
2411,2719,1
2411,1917,3
2411,2574,2
2411,303,3
2411,160,1
2411,1777,3
2411,1779,2
2411,163,2
2411,168,3
2411,2720,1
2411,2723,2
2411,3526,4
2411,2724,1
2411,3527,5
2411,1923,4
2411,3384,4
2411,1784,5
2411,316,4
2411,173,3
2411,2734,3
2411,3396,4
2411,329,3
2411,3543,3
2411,10,3
2411,11,3
2411,339,2
2411,3552,5
2411,1015,3
2411,1953,4
2411,1954,5
2411,2757,4
2411,1959,2
2411,21,4
2411,3702,4
2411,2900,3
2411,3703,5
2411,2901,3
2411,3705,2
2411,2763,2
2411,1965,4
2411,1968,3
2411,356,5
2411,357,3
2411,39,4
2411,2915,3
2411,2916,5
2411,2770,4
2411,1036,4
2411,3578,5
2411,2779,3
2411,367,3
2411,2926,4
2411,1981,2
2411,1049,2
2411,377,4
2411,3591,4
2411,2791,4
2411,380,3
2411,2000,4
2411,3740,4
2411,2001,4
2411,1200,5
2411,2003,3
2411,2006,4
2411,2944,4
2411,1206,4
2411,2946,3
2411,2947,4
2411,2948,3
2411,2949,3
2411,1210,5
2411,2013,3
2411,2015,4
2411,1214,5
2411,1215,4
2411,2959,3
2411,541,5
2411,1077,3
2411,1079,3
2411,546,2
2411,1220,5
2411,1221,5
2411,3763,4
2411,1222,4
2411,2028,5
2411,1226,3
2411,1081,3
2411,2968,4
2411,1088,2
2411,558,1
2411,92,1
2411,1230,4
2411,1233,4
2411,1235,4
2411,2038,1
2411,2976,3
2411,1238,5
2411,1240,4
2411,1242,4
2411,2046,4
2411,1244,4
2411,2985,3
2412,2409,4
2412,1619,3
2412,3418,4
2412,3430,4
2412,260,5
2412,3638,3
2412,1371,3
2412,1387,5
2412,1388,3
2412,858,5
2412,2367,3
2412,1721,5
2412,2524,4
2412,2527,4
2412,2528,3
2412,110,5
2412,2530,3
2412,2531,3
2412,2532,4
2412,2535,2
2412,3519,3
2412,1931,4
2412,1953,5
2412,1954,5
2412,3729,4
2412,1214,5
2412,1221,3
2412,2028,5
2412,3769,3
2412,3782,3
2413,592,3
2413,1277,2
2413,3020,4
2413,928,4
2413,3268,1
2413,1694,3
2413,3605,3
2413,3629,3
2413,2110,1
2413,2130,5
2413,3104,3
2413,2194,4
2413,2763,3
2413,3716,1
2413,2917,4
2413,1034,2
2413,377,4
2413,527,5
2413,2000,4
2413,2001,3
2413,1066,3
2413,3763,4
2413,2028,5
2413,1227,4
2413,1233,4
2413,1097,5
2413,3929,3
2414,2987,4
2414,1249,5
2414,3932,2
2414,1250,3
2414,2997,5
2414,1258,5
2414,1259,4
2414,587,4
2414,588,5
2414,589,5
2414,1,5
2414,3941,1
2414,3942,1
2414,1261,4
2414,1265,5
2414,733,5
2414,592,5
2414,593,5
2414,594,4
2414,595,5
2414,596,4
2414,1270,5
2414,1274,4
2414,2078,3
2414,1276,4
2414,2080,5
2414,2081,5
2414,2083,5
2414,1282,4
2414,2085,4
2414,750,4
2414,2087,4
2414,1285,2
2414,3033,4
2414,3034,4
2414,2236,5
2414,2096,4
2414,2099,4
2414,919,5
2414,778,5
2414,3052,5
2414,924,4
2414,2268,5
2414,3210,4
2414,1610,4
2414,3071,5
2414,1476,3
2414,2280,4
2414,3087,5
2414,3088,3
2414,953,4
2414,957,4
2414,2291,3
2414,3095,4
2414,1639,5
2414,1641,2
2414,3252,5
2414,3253,4
2414,3255,5
2414,3406,2
2414,3263,3
2414,1663,3
2414,3270,4
2414,3271,5
2414,2470,3
2414,3421,4
2414,1821,5
2414,1682,5
2414,2490,3
2414,223,5
2414,1694,4
2414,3441,5
2414,2640,3
2414,3448,5
2414,2657,2
2414,2804,3
2414,3461,3
2414,3608,4
2414,2662,4
2414,3471,5
2414,260,5
2414,261,4
2414,3480,4
2414,3481,3
2414,1885,4
2414,272,2
2414,420,4
2414,421,3
2414,288,4
2414,1100,4
2414,1101,5
2414,2846,4
2414,296,5
2414,3654,3
2414,442,5
2414,3675,5
2414,1136,5
2414,608,4
2414,3825,4
2414,2889,5
2414,471,4
2414,1150,1
2414,480,5
2414,1302,5
2414,2106,4
2414,2116,5
2414,3861,4
2414,3868,4
2414,2137,5
2414,802,5
2414,2139,5
2414,1196,5
2414,1197,5
2414,1343,5
2414,1357,5
2414,1500,4
2414,3107,3
2414,3108,4
2414,835,5
2414,838,2
2414,3114,5
2414,2314,5
2414,1517,4
2414,2321,4
2414,1380,4
2414,1387,3
2414,2336,3
2414,2193,4
2414,1394,3
2414,2340,3
2414,2352,3
2414,2353,4
2414,2354,4
2414,2355,5
2414,2359,4
2414,2504,5
2414,1704,4
2414,3174,5
2414,1580,5
2414,110,4
2414,1584,5
2414,2396,3
2414,2542,4
2414,3360,4
2414,150,5
2414,2710,5
2414,2716,4
2414,1914,3
2414,1916,4
2414,1777,5
2414,161,4
2414,165,5
2414,2723,4
2414,1923,5
2414,318,5
2414,1931,2
2414,3396,4
2414,3397,4
2414,3398,5
2414,180,5
2414,1947,5
2414,18,5
2414,3552,3
2414,1954,3
2414,1955,2
2414,1957,5
2414,349,4
2414,1020,5
2414,2907,2
2414,2762,5
2414,1023,4
2414,1961,5
2414,1025,5
2414,1028,5
2414,1967,5
2414,1968,5
2414,32,5
2414,356,5
2414,357,4
2414,2916,5
2414,1032,5
2414,2918,5
2414,1033,4
2414,500,3
2414,1035,5
2414,1036,5
2414,364,5
2414,47,5
2414,3723,5
2414,518,3
2414,372,3
2414,377,4
2414,2791,4
2414,2795,4
2414,1994,3
2414,2797,5
2414,380,4
2414,529,5
2414,62,3
2414,2000,5
2414,2001,5
2414,1200,4
2414,2005,4
2414,1206,5
2414,1060,2
2414,1207,4
2414,1208,4
2414,531,4
2414,2011,5
2414,1210,5
2414,1214,3
2414,1215,3
2414,2018,4
2414,1073,4
2414,541,4
2414,2021,4
2414,1220,3
2414,1222,5
2414,1080,4
2414,555,4
2414,1089,5
2414,2033,4
2414,1235,4
2414,1090,5
2414,1092,4
2414,708,5
2414,1097,5
2414,1099,5
2414,1240,5
2414,1242,5
2414,1246,5
2414,1247,4
2415,2997,4
2415,3005,3
2415,3948,4
2415,1459,3
2415,1466,4
2415,1617,5
2415,2475,3
2415,3420,4
2415,3298,4
2415,3450,3
2415,1863,2
2415,266,4
2415,3481,5
2415,2858,5
2415,608,5
2415,3827,3
2415,480,3
2415,490,3
2415,648,4
2415,3897,5
2415,2160,4
2415,3160,4
2415,1562,2
2415,3179,3
2415,2391,4
2415,3510,4
2415,19,5
2415,3555,3
2415,344,3
2415,2770,3
2415,3578,5
2415,47,4
2415,524,4
2415,3755,3
2415,2023,4
2415,551,1
2416,3948,1
2416,3949,5
2416,1408,4
2416,593,5
2416,3950,4
2416,3952,4
2416,780,3
2416,3070,3
2416,1619,3
2416,2427,4
2416,3238,4
2416,3285,2
2416,3298,2
2416,3457,4
2416,3623,3
2416,3484,3
2416,3499,5
2416,465,3
2416,3823,4
2416,2890,2
2416,647,4
2416,3864,3
2416,1183,4
2416,3879,3
2416,3893,5
2416,3895,3
2416,3116,3
2416,1391,2
2416,111,5
2416,1586,3
2416,3354,3
2416,3510,5
2416,3512,3
2416,3513,5
2416,161,4
2416,3555,4
2416,3556,4
2416,3565,4
2416,356,5
2416,3578,5
2416,527,5
2416,3753,5
2416,3755,4
2416,1219,4
2416,2028,5
2416,3916,5
2416,2974,1
2417,1259,4
2417,1269,5
2417,1278,5
2417,2090,5
2417,1294,5
2417,908,5
2417,910,5
2417,933,4
2417,2863,4
2417,1136,4
2417,1304,5
2417,3868,4
2417,1193,5
2417,1197,5
2417,3114,5
2417,2174,5
2417,2355,4
2417,1722,4
2417,2384,4
2417,2533,4
2417,3362,4
2417,2716,5
2417,3543,4
2417,1028,3
2417,1968,4
2417,34,5
2417,2791,4
2417,2946,4
2417,3751,5
2418,586,3
2418,587,3
2418,1,3
2418,7,3
2418,1409,4
2418,1265,4
2418,597,4
2418,1270,3
2418,745,3
2418,1463,2
2418,2424,3
2418,1485,3
2418,2431,5
2418,3247,4
2418,3255,5
2418,237,3
2418,3450,2
2418,2671,4
2418,1895,3
2418,1148,3
2418,3869,1
2418,1500,4
2418,838,1
2418,1517,2
2418,2321,5
2418,2355,3
2418,1701,3
2418,1566,3
2418,1721,3
2418,2539,3
2418,1593,2
2418,2546,3
2418,2558,3
2418,141,3
2418,2572,4
2418,1777,2
2418,1784,2
2418,317,3
2418,186,2
2418,333,2
2418,339,3
2418,195,4
2418,1020,3
2418,351,3
2418,356,4
2418,34,2
2418,39,2
2418,500,5
2418,367,1
2418,368,3
2418,1042,4
2418,372,4
2418,378,3
2418,539,4
2418,2012,3
2418,543,3
2418,708,4
2419,3791,3
2419,3793,3
2419,3797,2
2419,2058,3
2419,2059,3
2419,1257,4
2419,2997,4
2419,1259,4
2419,585,3
2419,586,3
2419,587,4
2419,589,4
2419,3,3
2419,4,1
2419,3004,3
2419,5,4
2419,3005,4
2419,3943,2
2419,3006,4
2419,7,4
2419,3007,4
2419,2060,2
2419,1405,3
2419,3948,4
2419,1262,4
2419,2065,3
2419,1263,5
2419,1265,3
2419,1268,3
2419,590,4
2419,736,3
2419,592,3
2419,593,4
2419,597,4
2419,1410,2
2419,3952,4
2419,3019,4
2419,1270,4
2419,1272,3
2419,3020,2
2419,2082,2
2419,750,4
2419,1285,4
2419,3033,4
2419,2231,3
2419,3039,4
2419,1291,4
2419,1294,4
2419,762,1
2419,1297,2
2419,3040,3
2419,2240,3
2419,2245,4
2419,910,4
2419,2248,5
2419,919,3
2419,3051,3
2419,3052,4
2419,921,4
2419,2259,3
2419,924,3
2419,782,2
2419,785,3
2419,788,3
2419,2402,3
2419,2403,3
2419,2404,2
2419,2261,3
2419,2262,4
2419,2409,4
2419,1461,2
2419,3066,3
2419,2264,3
2419,2265,1
2419,2268,4
2419,2269,2
2419,3210,4
2419,2410,3
2419,2411,2
2419,2412,1
2419,1610,4
2419,3072,3
2419,2416,3
2419,2271,3
2419,1617,5
2419,1476,4
2419,2420,3
2419,2421,2
2419,2422,2
2419,2423,4
2419,2424,4
2419,3081,4
2419,3082,4
2419,3087,3
2419,1485,4
2419,2289,4
2419,2431,2
2419,2432,3
2419,2433,4
2419,3238,1
2419,2292,3
2419,2294,3
2419,1639,5
2419,3098,4
2419,3243,2
2419,3244,3
2419,1640,1
2419,1641,4
2419,1642,3
2419,1644,2
2419,3249,3
2419,2447,3
2419,1645,4
2419,3250,3
2419,3252,3
2419,3253,4
2419,3254,3
2419,3255,4
2419,3256,4
2419,3259,3
2419,2457,3
2419,3261,4
2419,3408,4
2419,3263,4
2419,1805,4
2419,1663,4
2419,3269,2
2419,2468,1
2419,999,4
2419,1810,4
2419,2470,3
2419,3274,2
2419,1816,3
2419,2473,2
2419,2474,3
2419,1672,3
2419,1673,4
2419,2476,3
2419,2478,3
2419,3421,5
2419,1821,3
2419,2628,3
2419,3285,2
2419,1682,3
2419,216,3
2419,218,2
2419,1836,2
2419,223,5
2419,3298,3
2419,2497,2
2419,2640,3
2419,2641,3
2419,231,4
2419,3450,4
2419,2802,3
2419,2803,3
2419,2804,5
2419,2805,2
2419,3608,2
2419,1863,2
2419,255,2
2419,3614,4
2419,3616,3
2419,3617,4
2419,3618,4
2419,2671,4
2419,3476,3
2419,3478,2
2419,2676,3
2419,260,5
2419,3623,4
2419,3624,3
2419,3481,4
2419,3484,3
2419,2683,4
2419,2688,4
2419,1888,2
2419,2836,4
2419,2690,3
2419,2694,3
2419,3498,4
2419,424,3
2419,281,4
2419,428,4
2419,288,3
2419,1100,4
2419,1101,4
2419,3649,3
2419,432,3
2419,434,2
2419,437,2
2419,296,5
2419,2858,5
2419,440,4
2419,441,4
2419,3802,2
2419,1120,3
2419,3809,4
2419,2861,3
2419,450,3
2419,454,4
2419,3671,4
2419,2871,4
2419,1135,3
2419,608,4
2419,468,2
2419,3821,3
2419,3826,3
2419,3827,4
2419,2881,4
2419,2883,4
2419,3688,3
2419,1147,4
2419,3689,2
2419,474,3
2419,3831,4
2419,3690,2
2419,2890,4
2419,2891,4
2419,3698,3
2419,481,3
2419,628,4
2419,2100,4
2419,3841,3
2419,2104,3
2419,1302,4
2419,1304,4
2419,3846,4
2419,2108,3
2419,1307,4
2419,492,4
2419,499,3
2419,2112,4
2419,3852,4
2419,2114,3
2419,2115,4
2419,3861,4
2419,3863,3
2419,3865,2
2419,3868,3
2419,1186,3
2419,2134,4
2419,802,4
2419,3879,2
2419,1194,3
2419,1196,4
2419,1198,4
2419,2144,5
2419,3884,2
2419,1343,4
2419,2146,5
2419,818,3
2419,3893,3
2419,2154,1
2419,2155,4
2419,1353,2
2419,3895,3
2419,3896,3
2419,3897,5
2419,3898,3
2419,829,3
2419,3100,4
2419,3101,3
2419,3104,4
2419,2302,5
2419,1500,5
2419,3105,3
2419,3107,4
2419,837,2
2419,3113,2
2419,3115,3
2419,1513,3
2419,1370,4
2419,1517,4
2419,2174,3
2419,1380,4
2419,1385,3
2419,852,3
2419,1387,4
2419,858,4
2419,3130,3
2419,2333,3
2419,2335,3
2419,2194,4
2419,2195,2
2419,1393,4
2419,1394,5
2419,1396,3
2419,3142,3
2419,2340,2
2419,3146,4
2419,3147,4
2419,3148,4
2419,2352,4
2419,1552,3
2419,1556,1
2419,3301,3
2419,2502,4
2419,3160,4
2419,2504,3
2419,3308,4
2419,2506,2
2419,1704,5
2419,3168,3
2419,3169,4
2419,1569,4
2419,3316,3
2419,3317,4
2419,3173,4
2419,2517,3
2419,2371,4
2419,3174,3
2419,2518,4
2419,3176,4
2419,2374,2
2419,2375,3
2419,3178,4
2419,104,4
2419,3179,4
2419,2378,3
2419,2379,1
2419,1721,4
2419,2380,1
2419,1580,4
2419,111,5
2419,1729,4
2419,2386,2
2419,118,2
2419,1589,4
2419,3331,2
2419,1732,4
2419,2539,4
2419,122,2
2419,2395,4
2419,1593,2
2419,2396,4
2419,2541,4
2419,135,2
2419,3358,3
2419,3359,4
2419,2558,2
2419,140,2
2419,141,3
2419,144,4
2419,3500,2
2419,3501,3
2419,2700,3
2419,3504,3
2419,2702,4
2419,3505,4
2419,3506,3
2419,3360,4
2419,3507,4
2419,3361,5
2419,2706,4
2419,3363,4
2419,150,4
2419,3510,4
2419,2710,3
2419,3513,3
2419,2712,3
2419,1911,2
2419,2714,2
2419,2716,3
2419,2718,3
2419,2572,3
2419,300,3
2419,1917,4
2419,1918,3
2419,165,4
2419,2720,1
2419,3524,3
2419,3525,4
2419,2723,3
2419,3526,4
2419,2724,2
2419,1923,4
2419,3528,4
2419,2580,4
2419,3385,3
2419,3386,4
2419,3387,3
2419,1784,4
2419,2587,3
2419,318,5
2419,179,2
2419,3536,4
2419,2736,3
2419,3394,3
2419,1794,4
2419,2598,3
2419,180,4
2419,2599,4
2419,186,3
2419,3543,5
2419,2746,3
2419,333,4
2419,11,4
2419,337,4
2419,16,4
2419,339,3
2419,193,1
2419,3552,5
2419,3555,4
2419,3556,3
2419,1952,3
2419,2755,2
2419,1954,4
2419,1955,4
2419,1958,3
2419,344,3
2419,346,4
2419,24,3
2419,25,3
2419,349,4
2419,3705,2
2419,3707,2
2419,1020,3
2419,2906,2
2419,3709,2
2419,2908,4
2419,2762,4
2419,2763,4
2419,1961,4
2419,1962,4
2419,1963,4
2419,2769,4
2419,1968,5
2419,356,4
2419,357,4
2419,358,3
2419,39,4
2419,3717,2
2419,2915,5
2419,2770,4
2419,2917,4
2419,2918,4
2419,2772,3
2419,500,2
2419,1035,3
2419,1036,4
2419,3578,4
2419,361,3
2419,508,4
2419,1043,3
2419,511,3
2419,516,2
2419,371,3
2419,518,2
2419,372,4
2419,50,4
2419,377,4
2419,57,3
2419,3733,4
2419,3590,3
2419,3591,3
2419,1051,4
2419,3593,1
2419,2791,3
2419,2794,4
2419,3597,3
2419,2795,4
2419,2796,3
2419,524,4
2419,2797,3
2419,380,4
2419,381,2
2419,528,1
2419,62,4
2419,65,1
2419,69,3
2419,2000,4
2419,2001,3
2419,2002,3
2419,3743,3
2419,3744,3
2419,2942,2
2419,1203,4
2419,3747,4
2419,1206,4
2419,1060,4
2419,1061,4
2419,1208,5
2419,2011,3
2419,2012,3
2419,1210,3
2419,3752,4
2419,2950,2
2419,2013,3
2419,3753,4
2419,1213,5
2419,3755,4
2419,2953,3
2419,1073,3
2419,2959,3
2419,542,3
2419,543,3
2419,1079,4
2419,88,3
2419,1220,4
2419,1221,4
2419,3909,3
2419,1222,4
2419,2028,4
2419,1228,5
2419,550,4
2419,1088,3
2419,1089,4
2419,94,4
2419,3911,4
2419,3916,4
2419,1230,5
2419,3773,2
2419,1234,4
2419,1090,4
2419,2976,3
2419,1091,4
2419,1092,4
2419,2978,2
2419,1093,4
2419,2979,3
2419,1095,4
2419,1097,4
2419,1240,4
2419,710,1
2419,3785,2
2419,1246,4
2419,1247,4
2420,589,5
2420,592,3
2420,1270,5
2420,1275,4
2420,1287,5
2420,1291,5
2420,1610,5
2420,3408,5
2420,1674,4
2420,3286,3
2420,3298,4
2420,2655,3
2420,2662,4
2420,260,4
2420,3635,5
2420,3639,5
2420,2858,3
2420,1127,5
2420,1304,5
2420,662,4
2420,1196,4
2420,1198,5
2420,858,4
2420,3148,2
2420,3173,3
2420,110,5
2420,2529,4
2420,2571,4
2420,165,5
2420,181,2
2420,2756,4
2420,3702,5
2420,3703,5
2420,1021,3
2420,2916,4
2420,2000,5
2420,1200,5
2420,1201,5
2420,2944,4
2420,2947,5
2420,2950,3
2420,2951,4
2420,1214,5
2420,1220,5
2420,1221,4
2420,1222,4
2420,1240,5
2421,589,4
2421,1270,3
2421,3032,4
2421,3033,3
2421,910,4
2421,780,4
2421,1617,4
2421,2288,5
2421,3250,4
2421,1676,2
2421,2640,3
2421,2657,1
2421,2662,5
2421,3471,5
2421,260,4
2421,3638,4
2421,296,5
2421,1129,3
2421,608,5
2421,480,4
2421,1301,4
2421,1193,5
2421,1196,4
2421,1371,3
2421,1374,4
2421,1375,3
2421,1376,4
2421,1527,3
2421,858,5
2421,1391,3
2421,1396,3
2421,2528,3
2421,1580,4
2421,2529,5
2421,1584,5
2421,2531,2
2421,2533,3
2421,2391,4
2421,3362,3
2421,2571,4
2421,1953,5
2421,1019,4
2421,3701,3
2421,3702,3
2421,3703,3
2421,3704,4
2421,32,3
2421,2916,4
2421,50,4
2421,3735,4
2421,527,4
2421,1200,4
2421,2009,4
2421,1210,4
2421,1214,5
2421,541,3
2421,2021,4
2421,1221,5
2421,1084,4
2421,1089,4
2421,1240,5
2422,1252,3
2422,3948,4
2422,1270,5
2422,2080,5
2422,3060,4
2422,2289,4
2422,3254,4
2422,1307,5
2422,2324,3
2422,2709,3
2422,3526,4
2422,1784,5
2422,1962,5
2422,1963,4
2422,2918,5
2422,2795,5
2422,2797,4
2422,1079,4
2422,2023,3
2422,1230,4
2422,2973,4
2423,1252,4
2423,587,5
2423,7,4
2423,1265,4
2423,1266,4
2423,736,4
2423,593,5
2423,597,5
2423,2080,4
2423,2081,5
2423,902,5
2423,904,5
2423,908,4
2423,912,5
2423,914,5
2423,915,5
2423,916,5
2423,920,5
2423,788,4
2423,932,4
2423,943,4
2423,2424,4
2423,3081,4
2423,2291,4
2423,3097,4
2423,2297,4
2423,969,5
2423,3244,4
2423,3257,3
2423,1674,5
2423,1821,3
2423,1835,3
2423,276,4
2423,289,3
2423,293,5
2423,3697,5
2423,2100,4
2423,1307,3
2423,1183,4
2423,802,5
2423,2146,4
2423,1380,4
2423,852,3
2423,1393,3
2423,2369,4
2423,1569,3
2423,898,5
2423,105,4
2423,1721,4
2423,1593,3
2423,3501,3
2423,1777,3
2423,3524,3
2423,2581,4
2423,3394,2
2423,1947,5
2423,339,5
2423,351,3
2423,356,3
2423,357,3
2423,39,4
2423,361,4
2423,509,5
2423,2921,4
2423,377,4
2423,380,5
2423,2941,4
2423,2006,4
2423,1210,4
2423,1219,5
2423,1088,3
2423,1230,4
2423,1094,4
2423,3784,3
2423,1247,4
2424,1249,3
2424,3793,4
2424,1259,3
2424,588,5
2424,589,5
2424,1,4
2424,2,3
2424,6,3
2424,733,4
2424,736,4
2424,592,3
2424,1270,5
2424,1274,3
2424,1275,4
2424,1277,4
2424,745,4
2424,748,2
2424,3020,2
2424,2081,4
2424,1429,3
2424,2094,4
2424,924,3
2424,780,4
2424,788,1
2424,2403,5
2424,2406,4
2424,2407,3
2424,1466,4
2424,3213,3
2424,1476,5
2424,1479,3
2424,2291,4
2424,968,3
2424,1641,2
2424,3257,3
2424,1653,5
2424,2456,1
2424,2468,1
2424,2613,3
2424,3418,1
2424,208,4
2424,2628,2
2424,1831,3
2424,3438,1
2424,2802,3
2424,3471,3
2424,2672,3
2424,260,5
2424,3624,4
2424,3484,3
2424,2687,3
2424,3635,3
2424,2699,1
2424,1101,2
2424,2856,2
2424,1126,3
2424,1127,2
2424,457,4
2424,3826,3
2424,1148,5
2424,474,2
2424,3698,3
2424,480,4
2424,485,1
2424,2100,3
2424,2105,3
2424,2115,2
2424,648,3
2424,2126,4
2424,653,2
2424,2137,4
2424,1196,5
2424,1198,5
2424,673,2
2424,1356,4
2424,3104,4
2424,3107,3
2424,2161,2
2424,3113,1
2424,1370,3
2424,2174,3
2424,1378,4
2424,1527,3
2424,1388,1
2424,858,5
2424,2194,4
2424,861,5
2424,1544,2
2424,1552,3
2424,1562,4
2424,1573,5
2424,1721,4
2424,2524,3
2424,1580,4
2424,110,4
2424,112,2
2424,1586,3
2424,1591,3
2424,3342,5
2424,145,4
2424,1907,3
2424,1909,5
2424,2568,3
2424,2571,5
2424,1917,4
2424,2722,4
2424,3527,4
2424,316,2
2424,318,5
2424,172,3
2424,173,3
2424,2735,2
2424,185,2
2424,1954,4
2424,3702,2
2424,353,5
2424,32,4
2424,2916,3
2424,1035,2
2424,1036,5
2424,3578,5
2424,1037,1
2424,364,3
2424,48,3
2424,1049,3
2424,377,4
2424,2791,4
2424,524,1
2424,2797,5
2424,3740,1
2424,2001,3
2424,1201,4
2424,3745,4
2424,1210,4
2424,1214,3
2424,2017,5
2424,2956,3
2424,1073,2
2424,541,3
2424,2021,2
2424,2028,3
2424,551,5
2424,95,4
2424,2038,2
2424,1097,5
2424,1240,5
2424,2985,3
2425,588,3
2425,1408,5
2425,733,3
2425,593,5
2425,595,5
2425,1416,3
2425,2081,3
2425,2084,3
2425,1299,5
2425,3053,2
2425,780,4
2425,1608,5
2425,1610,4
2425,1645,2
2425,3418,2
2425,1674,5
2425,1688,4
2425,266,3
2425,457,5
2425,608,2
2425,647,3
2425,648,4
2425,1183,4
2425,688,2
2425,832,4
2425,2324,4
2425,3147,3
2425,1721,3
2425,110,4
2425,2394,2
2425,2396,4
2425,2571,4
2425,318,5
2425,2745,5
2425,3554,3
2425,1951,4
2425,349,5
2425,2762,5
2425,2763,3
2425,350,3
2425,356,2
2425,36,4
2425,3713,3
2425,1035,5
2425,1036,3
2425,3578,4
2425,364,3
2425,48,2
2425,377,4
2425,527,5
2425,1210,4
2425,3753,4
2425,2028,4
2425,1088,3
2425,1233,2
2425,1094,1
2425,1096,5
2425,1242,5
2426,1250,5
2426,3948,4
2426,1276,3
2426,908,5
2426,926,4
2426,971,3
2426,1673,1
2426,2804,5
2426,265,5
2426,1104,4
2426,1185,4
2426,858,5
2426,3152,4
2426,3362,4
2426,3363,4
2426,1913,4
2426,3519,3
2426,318,4
2426,3543,4
2426,1945,4
2426,1949,4
2426,17,2
2426,1952,4
2426,1957,4
2426,1964,4
2426,3735,3
2426,527,5
2426,3741,2
2426,1213,4
2426,1221,4
2426,1225,4
2426,2028,5
2426,1228,4
2426,1233,4
2426,1097,4
2426,1247,4
2427,3793,4
2427,720,5
2427,3798,3
2427,2997,5
2427,588,5
2427,3000,5
2427,1,4
2427,3005,2
2427,594,4
2427,595,3
2427,596,4
2427,1274,4
2427,741,4
2427,2078,4
2427,745,5
2427,2080,3
2427,2081,5
2427,1282,3
2427,2087,4
2427,3034,5
2427,2090,4
2427,2096,4
2427,3225,1
2427,2434,5
2427,2294,4
2427,3408,3
2427,3429,5
2427,2485,4
2427,223,3
2427,3298,4
2427,3452,3
2427,3453,2
2427,3454,2
2427,3457,4
2427,2806,4
2427,2810,5
2427,3623,3
2427,3481,3
2427,2683,3
2427,1881,3
2427,2687,3
2427,2690,4
2427,2692,4
2427,293,5
2427,2858,5
2427,446,5
2427,2861,3
2427,1127,4
2427,3824,3
2427,1148,5
2427,2888,2
2427,2899,4
2427,497,5
2427,3861,4
2427,2138,3
2427,661,4
2427,1196,5
2427,3883,4
2427,2144,3
2427,3897,5
2427,1500,4
2427,3114,4
2427,1513,4
2427,2188,3
2427,2336,5
2427,3146,3
2427,3155,3
2427,2355,5
2427,2502,2
2427,3160,5
2427,3175,5
2427,3176,4
2427,3185,4
2427,2394,4
2427,2395,5
2427,2396,5
2427,2541,4
2427,2700,3
2427,2706,5
2427,1907,4
2427,3510,4
2427,2712,4
2427,1911,4
2427,2714,4
2427,2718,4
2427,2572,5
2427,2575,3
2427,2724,3
2427,2580,5
2427,2581,3
2427,313,3
2427,314,5
2427,3536,3
2427,3538,5
2427,2598,3
2427,326,5
2427,2599,5
2427,3543,3
2427,3554,4
2427,1959,5
2427,2907,2
2427,1022,4
2427,2762,5
2427,2763,3
2427,1029,4
2427,1968,5
2427,2770,3
2427,3578,5
2427,509,5
2427,364,3
2427,3594,3
2427,3743,1
2427,3751,4
2427,2018,4
2427,2959,4
2427,1223,5
2427,551,4
2427,3915,5
2427,3916,3
2427,2975,3
2427,2976,4
2428,1259,4
2428,587,4
2428,1269,4
2428,597,4
2428,1270,4
2428,1276,5
2428,1278,5
2428,3022,5
2428,1288,1
2428,3035,4
2428,1292,1
2428,905,5
2428,1294,4
2428,910,5
2428,915,4
2428,916,4
2428,934,5
2428,936,5
2428,3072,5
2428,946,5
2428,3088,5
2428,952,5
2428,955,4
2428,3097,3
2428,3255,3
2428,3421,5
2428,3424,1
2428,2804,5
2428,2670,4
2428,1888,2
2428,2858,1
2428,2861,4
2428,2863,1
2428,3671,5
2428,2883,3
2428,480,4
2428,1307,4
2428,3873,5
2428,1193,3
2428,1197,5
2428,2144,4
2428,2145,4
2428,2150,4
2428,2300,1
2428,2302,4
2428,2321,3
2428,2324,4
2428,1394,1
2428,2355,4
2428,3307,4
2428,2506,4
2428,898,5
2428,3175,4
2428,3189,4
2428,2396,4
2428,3341,5
2428,3501,4
2428,3363,5
2428,2716,3
2428,1784,1
2428,3396,4
2428,3548,3
2428,11,4
2428,1014,4
2428,34,4
2428,357,1
2428,2779,5
2428,45,2
2428,2935,4
2428,2936,4
2428,2937,5
2428,2791,1
2428,2795,4
2428,2797,4
2428,2000,4
2428,539,4
2428,2015,4
2428,1079,1
2428,1220,5
2428,1083,4
2428,1230,1
2428,1234,5
2428,1244,1
2429,588,5
2429,589,5
2429,3005,4
2429,1405,4
2429,1408,5
2429,1265,4
2429,590,5
2429,592,3
2429,593,5
2429,1270,5
2429,1422,4
2429,2236,2
2429,1293,5
2429,2403,4
2429,2406,4
2429,2262,5
2429,2268,5
2429,2413,3
2429,2416,4
2429,2294,4
2429,3257,4
2429,3408,4
2429,2470,4
2429,2474,4
2429,3421,5
2429,3430,4
2429,3298,3
2429,1694,3
2429,3471,4
2429,260,4
2429,266,5
2429,2688,3
2429,296,4
2429,2858,5
2429,440,5
2429,3671,5
2429,3672,4
2429,608,3
2429,480,3
2429,2100,4
2429,1327,2
2429,1186,5
2429,1196,4
2429,1197,5
2429,1198,5
2429,674,3
2429,3107,4
2429,2163,2
2429,1370,4
2429,1517,5
2429,2174,3
2429,1518,3
2429,852,5
2429,1388,1
2429,1396,5
2429,3146,3
2429,3147,4
2429,3148,4
2429,2355,4
2429,3160,2
2429,2369,3
2429,2517,2
2429,2371,5
2429,2518,4
2429,1721,5
2429,110,5
2429,1727,3
2429,1584,5
2429,1598,3
2429,3342,4
2429,2541,3
2429,141,3
2429,2701,1
2429,3361,5
2429,2706,5
2429,150,5
2429,2712,1
2429,2716,4
2429,1917,4
2429,3524,4
2429,318,5
2429,2739,5
2429,16,5
2429,17,3
2429,19,2
2429,3552,5
2429,1957,4
2429,1958,4
2429,349,5
2429,3702,5
2429,2762,5
2429,31,4
2429,32,5
2429,36,3
2429,3710,2
2429,2916,5
2429,1036,5
2429,1037,1
2429,508,4
2429,2789,2
2429,2791,5
2429,2797,4
2429,527,5
2429,1203,5
2429,1206,4
2429,1208,5
2429,2011,4
2429,2012,4
2429,1210,5
2429,2950,3
2429,3754,1
2429,1214,4
2429,541,5
2429,88,2
2429,1220,4
2429,1221,3
2429,2026,3
2429,1225,5
2429,2028,5
2429,1088,3
2429,700,3
2429,1092,4
2429,1094,5
2429,1240,5
2429,1246,5
2430,724,3
2430,589,4
2430,1407,4
2430,3033,5
2430,3039,5
2430,2403,3
2430,2268,5
2430,3081,4
2430,2291,1
2430,2617,3
2430,2628,3
2430,2490,1
2430,3450,2
2430,2804,5
2430,260,5
2430,3623,1
2430,420,1
2430,2858,3
2430,480,4
2430,1302,1
2430,1307,4
2430,3868,4
2430,1197,5
2430,1342,3
2430,2167,4
2430,1370,4
2430,1394,5
2430,879,2
2430,1707,1
2430,2371,5
2430,1580,3
2430,1597,1
2430,3354,1
2430,2710,2
2430,165,4
2430,2918,5
2430,1036,5
2430,2791,5
2430,1991,2
2430,2795,5
2430,380,5
2430,2000,5
2431,2997,4
2431,3005,1
2431,593,5
2431,914,4
2431,918,5
2431,2803,2
2431,1884,1
2431,2858,2
2431,1198,5
2431,2324,5
2431,858,5
2431,2194,5
2431,1393,2
2431,1711,2
2431,1721,5
2431,3360,4
2431,2712,1
2431,1779,1
2431,1961,5
2431,1968,4
2431,3578,5
2431,62,1
2431,2959,5
2431,1221,3
2431,1225,4
2431,1242,5
2432,589,4
2432,3005,2
2432,1262,4
2432,1270,5
2432,3081,1
2432,3259,5
2432,2640,5
2432,1863,5
2432,260,5
2432,266,5
2432,3635,4
2432,434,4
2432,2858,1
2432,3819,3
2432,1196,5
2432,1198,4
2432,1387,3
2432,1393,5
2432,1721,5
2432,2571,5
2432,318,5
2432,3702,1
2432,3703,1
2432,2763,3
2432,356,4
2432,1036,4
2432,524,5
2432,2942,4
2432,2011,4
2432,2012,4
2432,1210,5
2432,1214,4
2432,541,5
2432,2028,2
2432,1240,4
2433,588,5
2433,1288,4
2433,912,4
2433,3061,4
2433,2291,4
2433,3256,4
2433,2628,3
2433,1694,4
2433,260,5
2433,2683,2
2433,1148,4
2433,1307,5
2433,1196,4
2433,1517,4
2433,2174,3
2433,3130,1
2433,2336,5
2433,1721,4
2433,110,5
2433,2396,2
2433,3510,1
2433,2712,1
2433,1923,1
2433,329,3
2433,3545,4
2433,3712,4
2433,2918,5
2433,3578,4
2433,2003,4
2433,3751,4
2433,1210,4
2433,3753,4
2433,543,4
2433,2028,5
2434,3005,3
2434,3948,2
2434,593,5
2434,599,5
2434,2248,1
2434,2628,1
2434,3623,4
2434,1307,4
2434,836,1
2434,1370,1
2434,2329,4
2434,858,5
2434,1394,5
2434,110,5
2434,2395,3
2434,3552,5
2434,1968,5
2434,3717,2
2434,2916,5
2434,1036,5
2434,3578,4
2434,1210,4
2434,3755,3
2434,555,5
2435,2058,4
2435,2997,3
2435,1259,5
2435,589,5
2435,1,4
2435,733,3
2435,1270,4
2435,1275,4
2435,1291,4
2435,2248,5
2435,780,3
2435,2403,4
2435,2405,2
2435,2406,4
2435,1608,3
2435,1610,5
2435,969,3
2435,3256,4
2435,2457,3
2435,3263,4
2435,3274,3
2435,2476,3
2435,3421,4
2435,3424,4
2435,2628,4
2435,2490,3
2435,2802,4
2435,260,5
2435,3623,3
2435,3481,4
2435,1101,3
2435,292,3
2435,3654,4
2435,2858,2
2435,457,5
2435,459,3
2435,3671,4
2435,1136,5
2435,474,4
2435,3698,4
2435,1304,4
2435,1307,4
2435,2115,3
2435,648,4
2435,3868,4
2435,1196,4
2435,1197,4
2435,1198,5
2435,3897,2
2435,3104,5
2435,3107,3
2435,2167,3
2435,836,1
2435,1370,3
2435,1517,5
2435,1378,4
2435,1527,2
2435,858,5
2435,2334,3
2435,2194,5
2435,1393,4
2435,1394,4
2435,2366,3
2435,2371,5
2435,2372,3
2435,1573,1
2435,3178,5
2435,1721,4
2435,1580,4
2435,110,5
2435,2529,3
2435,2396,4
2435,1597,3
2435,1769,2
2435,2712,2
2435,2571,3
2435,165,3
2435,3527,5
2435,1923,5
2435,2599,4
2435,333,5
2435,19,5
2435,3555,4
2435,1954,4
2435,344,5
2435,3702,4
2435,3703,2
2435,2763,4
2435,353,3
2435,2916,4
2435,2918,4
2435,1036,5
2435,3578,5
2435,507,3
2435,509,3
2435,377,2
2435,380,4
2435,2000,5
2435,2001,4
2435,1201,5
2435,2944,5
2435,2947,3
2435,1210,5
2435,3753,3
2435,1214,4
2435,1079,4
2435,2023,3
2435,1221,5
2435,3763,4
2435,1222,3
2435,2028,5
2435,555,3
2435,95,2
2435,1094,1
2435,1240,5
2435,1242,5
2435,2985,4
2436,2987,4
2436,1250,4
2436,2053,3
2436,2054,3
2436,1252,4
2436,2058,4
2436,1256,5
2436,2997,4
2436,1259,4
2436,587,3
2436,589,3
2436,1,5
2436,3,3
2436,3005,3
2436,3006,5
2436,1405,2
2436,1407,1
2436,2064,3
2436,1263,4
2436,1265,4
2436,733,4
2436,1268,4
2436,593,4
2436,597,3
2436,3019,5
2436,1270,4
2436,1271,5
2436,1272,4
2436,1276,5
2436,745,5
2436,2080,2
2436,2082,4
2436,1285,4
2436,1288,5
2436,3030,3
2436,3033,4
2436,2236,5
2436,3039,4
2436,903,4
2436,904,4
2436,2094,4
2436,1292,4
2436,1294,5
2436,765,3
2436,2243,2
2436,2247,3
2436,1445,3
2436,2248,4
2436,2249,4
2436,3052,4
2436,2252,3
2436,2253,5
2436,924,4
2436,780,3
2436,788,3
2436,2406,2
2436,2407,4
2436,1461,3
2436,1608,3
2436,2268,3
2436,1466,4
2436,3210,3
2436,1610,4
2436,3070,4
2436,3072,2
2436,2416,3
2436,3219,4
2436,1617,4
2436,1619,5
2436,1476,2
2436,1620,3
2436,2423,3
2436,2424,2
2436,3081,2
2436,3082,3
2436,2427,3
2436,2428,2
2436,3087,4
2436,2289,4
2436,2431,4
2436,2433,4
2436,2291,3
2436,2296,4
2436,3243,2
2436,1641,5
2436,3247,3
2436,3248,2
2436,1644,2
2436,3253,4
2436,3254,2
2436,3255,4
2436,3256,4
2436,3257,4
2436,2455,3
2436,2457,4
2436,1801,4
2436,3408,4
2436,3263,3
2436,3264,4
2436,2463,4
2436,1663,5
2436,3418,5
2436,2470,3
2436,3273,2
2436,1673,4
2436,208,4
2436,3421,5
2436,3424,4
2436,2628,2
2436,1682,3
2436,1831,4
2436,1839,3
2436,223,4
2436,2496,2
2436,3441,4
2436,3448,4
2436,231,3
2436,3450,4
2436,246,5
2436,2803,3
2436,2804,4
2436,3461,4
2436,3608,3
2436,3466,4
2436,3614,3
2436,3471,4
2436,260,5
2436,3623,3
2436,3481,4
2436,410,2
2436,2683,4
2436,1882,3
2436,1883,4
2436,413,3
2436,414,2
2436,415,3
2436,2688,3
2436,275,2
2436,3638,4
2436,2694,3
2436,426,2
2436,2699,2
2436,1100,3
2436,3646,2
2436,292,4
2436,296,4
2436,2858,5
2436,440,4
2436,441,2
2436,448,3
2436,1120,4
2436,3809,4
2436,2861,3
2436,1129,2
2436,454,4
2436,455,2
2436,457,4
2436,3671,5
2436,2871,5
2436,1135,3
2436,1136,4
2436,608,5
2436,466,2
2436,3827,2
2436,3683,4
2436,3689,2
2436,1148,5
2436,471,4
2436,474,5
2436,2890,1
2436,3697,2
2436,3698,4
2436,480,5
2436,2100,3
2436,2105,3
2436,2108,4
2436,2109,5
2436,1307,4
2436,2110,4
2436,2111,4
2436,2112,4
2436,2117,4
2436,1171,4
2436,1179,4
2436,648,4
2436,2120,4
2436,2121,2
2436,3869,2
2436,1183,5
2436,2134,4
2436,2136,3
2436,805,4
2436,1196,4
2436,1197,5
2436,1199,5
2436,2144,4
2436,2145,4
2436,1343,4
2436,673,3
2436,2150,5
2436,2152,2
2436,1356,4
2436,1358,4
2436,1359,2
2436,3102,4
2436,2301,5
2436,3104,5
2436,2302,4
2436,1500,5
2436,3105,5
2436,3107,3
2436,3108,4
2436,2315,1
2436,1370,4
2436,1517,4
2436,2174,4
2436,1372,3
2436,1373,3
2436,1374,4
2436,1375,3
2436,1376,3
2436,1378,3
2436,849,2
2436,2321,4
2436,2324,1
2436,1385,1
2436,852,3
2436,858,4
2436,2334,2
2436,2335,2
2436,2338,1
2436,1393,3
2436,1394,5
2436,1395,5
2436,2344,5
2436,3147,5
2436,3148,4
2436,1544,4
2436,2352,1
2436,2353,3
2436,1552,3
2436,2355,4
2436,1556,3
2436,2501,5
2436,1701,3
2436,3308,4
2436,1704,5
2436,3316,2
2436,2514,1
2436,1713,4
2436,3173,3
2436,2371,5
2436,2518,5
2436,2372,3
2436,3175,3
2436,1717,1
2436,3176,4
2436,2374,4
2436,2375,4
2436,2378,3
2436,1721,4
2436,1722,2
2436,1580,4
2436,110,5
2436,111,5
2436,3186,4
2436,1584,2
2436,2387,5
2436,1589,3
2436,1732,4
2436,2391,5
2436,2539,4
2436,2393,3
2436,3196,5
2436,1592,2
2436,2395,4
2436,2396,5
2436,3358,4
2436,141,4
2436,3500,4
2436,3360,5
2436,3361,3
2436,2706,5
2436,2707,4
2436,1909,3
2436,150,4
2436,3510,4
2436,2710,2
2436,3370,2
2436,2716,4
2436,2717,3
2436,2571,3
2436,1917,3
2436,1918,3
2436,1777,4
2436,161,3
2436,165,3
2436,2720,4
2436,3524,3
2436,3525,4
2436,2723,4
2436,3526,5
2436,3527,3
2436,1923,2
2436,1927,5
2436,3387,3
2436,3388,2
2436,316,3
2436,318,5
2436,173,2
2436,2735,4
2436,2736,5
2436,3394,3
2436,3396,4
2436,2599,5
2436,329,4
2436,3544,5
2436,2746,3
2436,2747,3
2436,10,2
2436,333,3
2436,16,4
2436,194,4
2436,196,2
2436,3552,5
2436,3555,4
2436,1958,2
2436,21,3
2436,344,2
2436,348,2
2436,349,4
2436,3702,5
2436,3704,4
2436,1020,4
2436,2762,3
2436,2763,3
2436,2764,3
2436,1965,4
2436,1968,5
2436,353,2
2436,356,5
2436,34,4
2436,357,5
2436,39,4
2436,3712,4
2436,2915,4
2436,2916,4
2436,2770,4
2436,2917,4
2436,2918,5
2436,500,3
2436,1973,1
2436,1036,5
2436,3578,5
2436,508,5
2436,509,3
2436,367,3
2436,514,4
2436,516,2
2436,370,2
2436,518,4
2436,50,5
2436,519,2
2436,374,4
2436,52,3
2436,377,4
2436,3591,4
2436,2791,4
2436,2792,3
2436,2795,5
2436,2796,2
2436,524,4
2436,2797,3
2436,1059,4
2436,380,4
2436,527,5
2436,529,4
2436,2000,5
2436,3740,3
2436,2001,3
2436,2002,3
2436,1200,3
2436,2004,2
2436,2944,5
2436,1206,5
2436,1208,5
2436,390,2
2436,538,4
2436,539,3
2436,2011,2
2436,3751,4
2436,2012,2
2436,1210,5
2436,3753,4
2436,1213,5
2436,3755,3
2436,1219,3
2436,1073,4
2436,2959,4
2436,541,5
2436,543,5
2436,1079,4
2436,3760,5
2436,1220,5
2436,3763,4
2436,1222,4
2436,3764,3
2436,1223,4
2436,1224,4
2436,2028,5
2436,1080,5
2436,1089,4
2436,556,5
2436,95,1
2436,3916,4
2436,1235,4
2436,1091,4
2436,1238,3
2436,708,4
2436,1097,4
2436,1240,4
2436,1242,5
2436,1243,4
2436,710,4
2436,2984,1
2436,2985,4
2436,2986,3
2437,1258,5
2437,589,4
2437,1266,4
2437,593,5
2437,1270,3
2437,2291,3
2437,3255,4
2437,3409,1
2437,3285,2
2437,3623,3
2437,288,2
2437,293,5
2437,2858,5
2437,1183,1
2437,1193,4
2437,1196,5
2437,1198,5
2437,2194,4
2437,3148,4
2437,1704,5
2437,3316,1
2437,110,5
2437,3354,1
2437,3355,3
2437,3360,5
2437,3361,3
2437,1923,5
2437,3703,1
2437,2918,3
2437,1036,5
2437,3578,2
2437,47,5
2437,511,4
2437,50,5
2437,2791,5
2437,2942,2
2437,1203,3
2437,1210,4
2437,3753,5
2437,1214,3
2437,541,2
2437,2028,5
2438,3793,3
2438,2054,2
2438,2997,3
2438,587,5
2438,589,5
2438,3948,4
2438,2065,4
2438,592,3
2438,597,4
2438,1272,5
2438,2078,5
2438,2088,2
2438,2231,4
2438,3039,5
2438,1292,5
2438,908,3
2438,3040,2
2438,778,5
2438,2402,4
2438,2409,2
2438,1608,5
2438,1466,4
2438,2410,4
2438,2411,3
2438,1610,5
2438,1619,4
2438,1485,4
2438,2432,1
2438,2294,3
2438,3256,4
2438,1653,4
2438,2600,5
2438,1663,2
2438,2468,2
2438,2469,5
2438,1810,4
2438,3418,3
2438,3276,2
2438,2478,1
2438,1676,5
2438,3424,5
2438,2628,3
2438,1680,4
2438,3438,1
2438,3439,1
2438,222,4
2438,3298,5
2438,2640,3
2438,2641,5
2438,2657,5
2438,253,5
2438,1876,3
2438,3623,2
2438,3489,1
2438,276,1
2438,2694,1
2438,282,2
2438,3646,1
2438,435,2
2438,448,4
2438,1125,5
2438,3812,5
2438,1131,5
2438,1132,4
2438,3674,1
2438,1136,5
2438,3688,3
2438,3835,2
2438,485,4
2438,1304,3
2438,1162,5
2438,2118,5
2438,1173,4
2438,648,4
2438,1321,5
2438,1183,5
2438,1186,4
2438,663,2
2438,1199,3
2438,1341,4
2438,1342,2
2438,673,1
2438,2152,1
2438,1350,4
2438,2153,1
2438,3897,5
2438,1356,3
2438,3100,5
2438,3102,4
2438,2301,3
2438,2302,2
2438,1500,5
2438,2303,3
2438,3108,5
2438,2318,4
2438,2172,3
2438,1370,4
2438,1371,3
2438,2174,2
2438,1374,5
2438,842,3
2438,2328,4
2438,2190,2
2438,1390,2
2438,3148,4
2438,2346,4
2438,2352,5
2438,3156,3
2438,1552,4
2438,2357,4
2438,2502,4
2438,1704,5
2438,3167,5
2438,1569,3
2438,2371,4
2438,2374,1
2438,2375,2
2438,1573,5
2438,1721,5
2438,110,5
2438,2529,5
2438,116,4
2438,2391,5
2438,1592,1
2438,2396,2
2438,1748,5
2438,2700,2
2438,2701,1
2438,3504,3
2438,3360,5
2438,1760,1
2438,2567,3
2438,3510,5
2438,2712,4
2438,2716,4
2438,2717,2
2438,2571,5
2438,1921,4
2438,2585,4
2438,175,4
2438,2739,5
2438,3399,2
2438,2599,5
2438,329,3
2438,195,1
2438,1010,4
2438,3556,3
2438,1954,4
2438,1957,5
2438,1959,2
2438,25,5
2438,349,4
2438,2907,2
2438,2762,5
2438,1965,5
2438,355,2
2438,356,4
2438,357,3
2438,1031,4
2438,2917,5
2438,1036,5
2438,3578,5
2438,2779,5
2438,40,2
2438,364,5
2438,44,1
2438,1982,5
2438,1985,3
2438,370,3
2438,377,4
2438,3591,1
2438,3593,1
2438,2791,5
2438,3598,3
2438,2797,5
2438,527,5
2438,529,5
2438,2006,3
2438,2946,3
2438,3752,4
2438,3753,4
2438,1213,5
2438,3755,3
2438,1073,5
2438,1079,3
2438,2023,2
2438,1221,5
2438,2028,5
2438,1080,4
2438,552,1
2438,3917,3
2438,1230,5
2438,3918,4
2438,1094,4
2438,1095,5
2438,1097,4
2438,1242,5
2438,1244,5
2438,3786,3
2438,1247,5
2439,1249,4
2439,587,4
2439,589,4
2439,3,3
2439,3947,4
2439,1408,3
2439,736,4
2439,597,4
2439,1458,2
2439,1479,3
2439,2424,4
2439,3081,2
2439,2427,3
2439,2291,2
2439,2454,3
2439,2455,3
2439,2456,2
2439,3408,3
2439,1673,2
2439,1680,2
2439,1835,2
2439,3450,4
2439,2657,2
2439,2671,4
2439,265,1
2439,266,4
2439,3624,3
2439,276,3
2439,2858,4
2439,440,2
2439,446,4
2439,608,3
2439,468,3
2439,480,5
2439,481,3
2439,2119,3
2439,3868,2
2439,3869,2
2439,1183,4
2439,1339,3
2439,852,2
2439,1393,3
2439,866,5
2439,1544,5
2439,1554,2
2439,1569,3
2439,891,1
2439,1721,4
2439,1580,3
2439,110,4
2439,2529,3
2439,111,4
2439,3190,2
2439,2396,4
2439,1597,4
2439,151,3
2439,3515,2
2439,1785,3
2439,2741,4
2439,11,3
2439,339,3
2439,3555,5
2439,25,2
2439,1969,2
2439,353,2
2439,356,5
2439,357,3
2439,39,2
2439,1970,1
2439,1971,2
2439,1972,1
2439,1035,3
2439,1973,1
2439,1976,1
2439,361,3
2439,509,2
2439,377,4
2439,2792,1
2439,380,2
2439,2943,3
2439,2948,5
2439,70,2
2439,2025,1
2439,2033,2
2439,1094,4
2439,3922,3
2439,3923,2
2439,3924,2
2439,3926,2
2439,3928,2
2440,1455,2
2440,3208,4
2440,3263,2
2440,2826,4
2440,2827,3
2440,2683,4
2440,425,3
2440,2699,3
2440,2874,4
2440,635,3
2440,3101,4
2440,2188,3
2440,2347,3
2440,2355,5
2440,2706,4
2440,2710,3
2440,3516,4
2440,1915,4
2440,2908,3
2440,2770,4
2440,514,4
2440,2975,3
2440,2976,3
2441,1459,5
2441,2267,2
2441,1617,5
2441,1625,5
2441,1627,3
2441,1644,5
2441,1645,5
2441,1805,5
2441,3273,5
2441,2474,2
2441,257,5
2441,1892,5
2441,2875,5
2441,648,5
2441,2126,2
2441,3101,3
2441,695,5
2441,2338,3
2441,1398,5
2441,1544,1
2441,1711,1
2441,1573,4
2441,113,5
2441,1754,5
2441,350,5
2441,3744,5
2441,1092,4
2442,595,5
2442,1270,5
2442,2078,4
2442,2080,4
2442,1282,3
2442,901,3
2442,914,5
2442,918,4
2442,919,5
2442,3061,4
2442,938,3
2442,953,5
2442,963,3
2442,3600,4
2442,3602,3
2442,3610,2
2442,3675,5
2442,1193,3
2442,899,5
2442,3361,4
2442,2565,4
2442,303,3
2442,2746,1
2442,1947,5
2442,1035,5
2442,364,3
2442,2941,4
2442,2018,4
2442,1220,4
2443,586,4
2443,3948,5
2443,597,5
2443,1270,5
2443,2424,3
2443,2430,3
2443,3247,4
2443,3450,3
2443,2671,4
2443,420,3
2443,1307,3
2443,3869,2
2443,2302,3
2443,1367,4
2443,3114,5
2443,3157,2
2443,1569,4
2443,1580,2
2443,110,1
2443,3500,3
2443,2724,4
2443,344,4
2443,1021,3
2443,356,3
2443,500,4
2443,2012,2
2444,2054,4
2444,2059,4
2444,724,2
2444,1258,5
2444,586,4
2444,588,5
2444,1,4
2444,2,5
2444,1407,4
2444,595,5
2444,596,4
2444,2078,4
2444,2080,4
2444,2081,4
2444,2082,3
2444,1282,2
2444,2089,4
2444,3034,4
2444,2093,5
2444,2240,3
2444,919,4
2444,783,4
2444,2428,4
2444,1644,1
2444,2448,2
2444,986,3
2444,3264,2
2444,2465,2
2444,2613,1
2444,3273,2
2444,2617,4
2444,1688,4
2444,2644,3
2444,262,4
2444,3499,4
2444,2846,4
2444,3826,1
2444,616,4
2444,2107,2
2444,1323,1
2444,1324,3
2444,1327,1
2444,1339,2
2444,3101,4
2444,1367,4
2444,837,5
2444,3114,3
2444,2315,3
2444,2328,2
2444,1387,4
2444,2338,2
2444,3300,2
2444,1566,4
2444,2513,4
2444,2514,3
2444,1717,4
2444,110,5
2444,2389,1
2444,2550,5
2444,1907,5
2444,158,4
2444,2713,4
2444,317,4
2444,188,1
2444,1009,3
2444,12,5
2444,196,3
2444,1013,4
2444,1017,4
2444,343,3
2444,2902,1
2444,2761,4
2444,1022,5
2444,34,3
2444,1030,4
2444,1031,4
2444,364,5
2444,48,3
2444,2926,3
2444,2784,3
2444,1982,3
2444,2789,2
2444,1987,1
2444,1988,2
2444,3733,4
2444,2790,3
2444,1991,2
2444,1992,1
2444,1993,1
2444,1994,4
2444,1995,3
2444,1996,4
2444,1997,5
2444,60,3
2444,2003,3
2444,2005,4
2444,1206,4
2444,531,5
2444,532,4
2444,1214,2
2444,2018,4
2444,1219,2
2444,1073,5
2444,551,4
2444,1097,5
2445,2989,4
2445,2990,3
2445,2993,4
2445,2058,3
2445,1407,1
2445,1261,4
2445,1408,3
2445,733,4
2445,736,3
2445,737,3
2445,592,4
2445,1270,3
2445,748,3
2445,3020,3
2445,1429,4
2445,1431,1
2445,902,3
2445,1291,4
2445,1438,3
2445,2253,2
2445,780,4
2445,2403,3
2445,2404,2
2445,2405,3
2445,3208,3
2445,2406,4
2445,1606,4
2445,2409,3
2445,1608,4
2445,798,3
2445,2410,3
2445,2411,3
2445,2412,3
2445,1610,4
2445,2414,3
2445,2273,4
2445,940,3
2445,1479,4
2445,2421,2
2445,3082,4
2445,2288,4
2445,1499,1
2445,969,3
2445,3256,4
2445,2457,4
2445,2600,3
2445,3267,5
2445,2468,3
2445,996,4
2445,2617,4
2445,204,3
2445,208,3
2445,2628,4
2445,1681,2
2445,3286,1
2445,3430,3
2445,3431,3
2445,1831,4
2445,3438,4
2445,2490,5
2445,3439,2
2445,1690,3
2445,3441,3
2445,2640,4
2445,2643,2
2445,3452,4
2445,2808,4
2445,1866,5
2445,2815,3
2445,405,4
2445,1876,4
2445,3623,5
2445,3624,5
2445,2826,5
2445,1882,2
2445,3635,4
2445,3638,4
2445,3639,4
2445,420,4
2445,423,3
2445,2699,1
2445,288,4
2445,1101,4
2445,434,4
2445,292,3
2445,442,4
2445,3802,4
2445,3807,3
2445,1127,5
2445,1129,5
2445,457,4
2445,2872,5
2445,464,3
2445,466,3
2445,2880,4
2445,610,5
2445,611,3
2445,474,3
2445,3697,5
2445,3698,4
2445,480,4
2445,3841,3
2445,2105,5
2445,1304,5
2445,494,4
2445,2115,4
2445,648,4
2445,1320,3
2445,2126,4
2445,3877,2
2445,1196,5
2445,1197,4
2445,809,3
2445,1198,5
2445,667,2
2445,3889,4
2445,2153,3
2445,1356,3
2445,2167,4
2445,692,3
2445,839,3
2445,3113,5
2445,3114,3
2445,1370,5
2445,1371,3
2445,1518,3
2445,1373,3
2445,1374,5
2445,1375,3
2445,1376,3
2445,1377,4
2445,1378,4
2445,2322,3
2445,1525,1
2445,1527,5
2445,1385,4
2445,1388,3
2445,1389,2
2445,2193,3
2445,1391,4
2445,2194,3
2445,2196,4
2445,1544,3
2445,3153,3
2445,2353,4
2445,3300,5
2445,2363,4
2445,2364,3
2445,1562,3
2445,2365,4
2445,1566,3
2445,2373,4
2445,1573,5
2445,2376,4
2445,1722,4
2445,2527,3
2445,1580,4
2445,110,4
2445,2529,4
2445,112,4
2445,1587,5
2445,2530,3
2445,2531,3
2445,2532,3
2445,2533,4
2445,1590,2
2445,1591,4
2445,3197,3
2445,1597,4
2445,2540,3
2445,2549,3
2445,2701,4
2445,1769,4
2445,153,3
2445,3515,1
2445,3519,4
2445,2571,5
2445,1917,4
2445,1918,4
2445,3527,5
2445,315,3
2445,316,3
2445,170,3
2445,172,3
2445,173,3
2445,2735,3
2445,329,3
2445,2748,3
2445,10,4
2445,3555,3
2445,21,3
2445,349,4
2445,3702,3
2445,3703,5
2445,353,5
2445,3710,3
2445,3717,4
2445,2916,4
2445,1036,5
2445,1037,3
2445,44,3
2445,1049,3
2445,377,4
2445,379,4
2445,380,4
2445,2000,3
2445,3740,5
2445,2001,4
2445,2002,3
2445,1200,5
2445,1201,4
2445,1205,3
2445,2947,4
2445,2948,4
2445,2949,4
2445,533,3
2445,390,2
2445,70,3
2445,393,2
2445,1210,5
2445,3753,3
2445,2951,4
2445,3755,3
2445,1214,5
2445,1215,5
2445,2019,4
2445,1218,5
2445,544,3
2445,546,3
2445,547,2
2445,89,3
2445,1220,4
2445,3763,3
2445,1222,4
2445,3764,3
2445,3766,3
2445,3767,3
2445,2028,5
2445,555,4
2445,95,4
2445,3771,3
2445,2041,2
2445,1240,5
2445,2985,4
2446,2987,3
2446,2990,4
2446,3793,4
2446,1257,3
2446,2997,5
2446,1258,5
2446,1259,5
2446,589,4
2446,1,3
2446,3,3
2446,5,3
2446,6,4
2446,3949,4
2446,1263,5
2446,1265,4
2446,1266,4
2446,733,4
2446,590,4
2446,592,4
2446,593,5
2446,3950,4
2446,1270,4
2446,1275,4
2446,750,4
2446,1285,4
2446,1288,4
2446,3033,5
2446,2231,4
2446,1291,4
2446,1293,5
2446,1294,5
2446,908,3
2446,1297,5
2446,1298,5
2446,1299,5
2446,1441,3
2446,3046,4
2446,1449,4
2446,778,4
2446,3052,4
2446,1456,1
2446,924,3
2446,780,4
2446,784,3
2446,785,5
2446,3060,4
2446,2406,3
2446,2407,4
2446,2409,4
2446,2268,5
2446,1466,5
2446,1468,4
2446,3210,5
2446,2413,4
2446,2416,5
2446,1617,4
2446,2278,5
2446,1476,5
2446,2420,4
2446,2423,5
2446,2428,3
2446,3087,4
2446,1485,4
2446,2289,4
2446,2431,3
2446,3090,4
2446,2435,5
2446,2291,3
2446,1639,3
2446,968,4
2446,3243,4
2446,1641,4
2446,3246,4
2446,3247,3
2446,2447,3
2446,1645,4
2446,3253,5
2446,3254,4
2446,2455,4
2446,3258,2
2446,2459,3
2446,3261,4
2446,2605,2
2446,3408,3
2446,3263,3
2446,1805,5
2446,3264,4
2446,1663,5
2446,1812,1
2446,3272,4
2446,2470,4
2446,1673,4
2446,2478,4
2446,1676,4
2446,3421,5
2446,3424,4
2446,2628,4
2446,3285,3
2446,2490,3
2446,223,5
2446,3298,4
2446,224,3
2446,2640,4
2446,2641,4
2446,3448,4
2446,231,5
2446,3450,4
2446,3452,3
2446,2806,2
2446,255,2
2446,3471,4
2446,3618,3
2446,3477,4
2446,260,5
2446,3481,5
2446,3484,2
2446,2683,5
2446,1885,4
2446,2688,3
2446,3635,4
2446,3638,4
2446,2692,5
2446,420,4
2446,2693,4
2446,2694,2
2446,1895,4
2446,426,3
2446,2699,3
2446,429,3
2446,2840,1
2446,2841,4
2446,3646,3
2446,293,4
2446,296,5
2446,2858,5
2446,440,3
2446,442,3
2446,449,4
2446,2860,3
2446,3809,3
2446,1127,3
2446,457,4
2446,3671,5
2446,1132,4
2446,1136,5
2446,608,5
2446,466,3
2446,468,3
2446,3824,1
2446,3826,2
2446,3685,3
2446,3688,5
2446,1147,5
2446,2888,3
2446,3831,2
2446,3693,4
2446,3697,3
2446,3698,5
2446,3699,3
2446,480,3
2446,481,3
2446,482,5
2446,485,4
2446,2100,3
2446,1300,4
2446,1302,3
2446,1304,5
2446,2108,5
2446,1307,5
2446,2112,4
2446,2115,5
2446,648,4
2446,3863,2
2446,3868,5
2446,3869,4
2446,1185,4
2446,2133,4
2446,2134,5
2446,1196,5
2446,663,4
2446,1197,4
2446,1198,5
2446,1199,4
2446,2140,3
2446,2144,5
2446,2145,4
2446,2150,4
2446,3893,1
2446,3896,4
2446,3897,5
2446,1356,4
2446,2301,5
2446,2302,4
2446,1500,3
2446,3108,3
2446,2161,4
2446,3114,1
2446,1513,3
2446,1517,5
2446,2174,4
2446,1376,3
2446,1377,3
2446,1378,5
2446,1379,3
2446,1380,3
2446,2329,4
2446,1527,3
2446,2188,1
2446,1387,5
2446,858,5
2446,2335,3
2446,2194,4
2446,1393,4
2446,1394,4
2446,1396,4
2446,866,4
2446,3147,4
2446,3148,4
2446,1544,1
2446,2352,5
2446,2355,4
2446,2359,4
2446,3300,1
2446,2502,5
2446,1701,5
2446,3160,4
2446,1704,4
2446,3168,5
2446,2369,3
2446,2513,4
2446,3317,4
2446,3173,2
2446,2371,5
2446,3174,4
2446,2372,4
2446,3175,1
2446,1573,3
2446,3178,2
2446,2376,4
2446,2378,5
2446,3328,3
2446,1580,3
2446,110,5
2446,111,5
2446,2384,1
2446,1729,4
2446,2387,4
2446,1589,4
2446,2530,4
2446,2531,4
2446,2532,4
2446,2533,4
2446,1732,5
2446,2395,5
2446,3198,5
2446,2396,3
2446,1594,4
2446,2541,3
2446,2542,5
2446,1748,3
2446,3354,2
2446,3355,4
2446,1753,5
2446,2700,4
2446,3504,5
2446,2702,3
2446,3360,4
2446,2706,5
2446,3363,4
2446,1909,4
2446,2567,4
2446,2568,1
2446,3510,4
2446,2710,4
2446,3513,3
2446,2712,2
2446,1912,4
2446,2716,5
2446,2571,5
2446,1918,4
2446,162,4
2446,2722,1
2446,3525,4
2446,2723,1
2446,3526,4
2446,3527,4
2446,1923,5
2446,2580,4
2446,2581,1
2446,3387,5
2446,1784,5
2446,316,4
2446,318,5
2446,3535,3
2446,3536,5
2446,2735,4
2446,2736,4
2446,3539,4
2446,3396,3
2446,180,5
2446,2599,4
2446,10,4
2446,333,5
2446,337,4
2446,196,3
2446,198,4
2446,3551,5
2446,3552,5
2446,3553,3
2446,3555,3
2446,1954,4
2446,2759,1
2446,21,4
2446,344,4
2446,24,4
2446,25,4
2446,349,4
2446,3701,4
2446,3702,4
2446,2908,4
2446,2762,5
2446,1960,4
2446,2763,4
2446,1961,5
2446,1967,3
2446,1968,5
2446,1969,4
2446,32,5
2446,356,5
2446,34,1
2446,36,4
2446,39,4
2446,2915,4
2446,2916,5
2446,2771,3
2446,2918,5
2446,1971,4
2446,1973,3
2446,1036,5
2446,3578,4
2446,42,4
2446,367,1
2446,47,5
2446,2926,3
2446,3729,5
2446,1982,3
2446,2788,4
2446,370,3
2446,50,5
2446,3735,5
2446,2791,5
2446,2792,5
2446,1991,4
2446,2796,5
2446,1994,4
2446,524,3
2446,2797,4
2446,380,3
2446,1997,5
2446,527,5
2446,387,4
2446,69,5
2446,2000,5
2446,3740,4
2446,2001,5
2446,2002,3
2446,1200,3
2446,2003,4
2446,3744,3
2446,2005,5
2446,3745,4
2446,2006,3
2446,1206,5
2446,1060,5
2446,1207,4
2446,1061,5
2446,537,3
2446,70,4
2446,539,3
2446,2011,4
2446,3751,4
2446,2012,3
2446,1210,5
2446,3752,3
2446,3753,3
2446,1213,5
2446,3755,2
2446,1214,4
2446,1215,3
2446,1217,5
2446,1219,3
2446,1073,5
2446,2959,5
2446,541,4
2446,543,5
2446,1079,4
2446,3760,5
2446,2021,4
2446,1220,5
2446,2023,4
2446,1221,5
2446,3763,3
2446,2961,3
2446,1222,5
2446,2028,5
2446,1080,5
2446,551,3
2446,1088,3
2446,1089,5
2446,1230,5
2446,1234,5
2446,1090,5
2446,1093,4
2446,1094,3
2446,1097,3
2446,3781,4
2446,1240,5
2446,1242,4
2446,3785,3
2446,2985,4
2446,1247,4
2447,2054,3
2447,1257,5
2447,593,5
2447,3014,4
2447,1270,5
2447,3033,4
2447,3039,5
2447,1297,4
2447,2405,3
2447,2406,3
2447,2407,2
2447,2261,4
2447,2408,2
2447,3210,5
2447,2416,4
2447,2423,5
2447,2463,4
2447,2470,4
2447,2471,3
2447,2478,5
2447,2628,5
2447,3608,4
2447,3846,5
2447,2134,4
2447,2137,3
2447,2144,4
2447,671,5
2447,2150,5
2447,2151,4
2447,2301,5
2447,2174,4
2447,1378,5
2447,1544,5
2447,2369,3
2447,2371,5
2447,2518,4
2447,2372,5
2447,3176,1
2447,2378,5
2447,2716,4
2447,2717,4
2447,3525,5
2447,2735,4
2447,3394,4
2447,3552,5
2447,1968,4
2447,2915,4
2447,2918,5
2447,2791,5
2447,2794,5
2447,2796,5
2447,2000,5
2447,2001,4
2447,2011,4
2447,1220,5
2447,1080,4
2447,1091,4
2448,2997,2
2448,1,5
2448,3005,4
2448,1262,4
2448,593,5
2448,1288,4
2448,919,4
2448,3068,5
2448,968,2
2448,969,3
2448,1674,5
2448,3421,5
2448,2640,4
2448,2805,4
2448,3471,4
2448,3623,4
2448,2683,2
2448,2688,4
2448,2694,3
2448,2699,3
2448,2859,4
2448,1136,4
2448,608,4
2448,610,3
2448,1197,4
2448,1198,5
2448,3113,3
2448,3114,4
2448,1513,3
2448,858,4
2448,2352,5
2448,3157,4
2448,2355,4
2448,2501,5
2448,3169,3
2448,3175,3
2448,110,5
2448,2396,5
2448,3361,5
2448,3508,4
2448,2709,3
2448,2712,4
2448,2716,4
2448,2720,3
2448,318,5
2448,2599,3
2448,17,4
2448,3703,3
2448,2907,2
2448,2761,2
2448,2762,5
2448,2763,4
2448,1028,4
2448,34,4
2448,2770,3
2448,2918,4
2448,3578,5
2448,50,5
2448,527,5
2448,529,4
2448,1207,5
2448,3751,3
2448,1210,5
2448,1219,3
2448,2959,3
2448,541,4
2448,1079,3
2448,86,4
2448,2028,5
2448,1089,4
2448,1231,5
2448,1093,3
2448,1240,3
2449,1259,4
2449,589,4
2449,908,4
2449,3408,5
2449,1672,4
2449,3450,3
2449,2858,3
2449,457,5
2449,608,5
2449,480,5
2449,3868,1
2449,3869,1
2449,3871,4
2449,1193,5
2449,661,4
2449,1544,5
2449,1580,4
2449,110,5
2449,2571,5
2449,1965,4
2449,1035,3
2449,370,1
2449,2792,1
2449,524,4
2449,1210,5
2449,3753,5
2450,590,4
2450,593,5
2450,1271,3
2450,1280,4
2450,912,4
2450,1466,4
2450,1487,2
2450,3255,3
2450,1810,3
2450,3418,4
2450,1682,3
2450,1873,3
2450,2858,3
2450,1120,2
2450,1358,4
2450,3100,4
2450,3147,4
2450,3156,1
2450,1704,3
2450,1721,3
2450,110,3
2450,2716,3
2450,25,2
2450,36,4
2450,1203,4
2450,1061,4
2450,1221,4
2451,1250,4
2451,2053,2
2451,3793,3
2451,2054,3
2451,3794,2
2451,3798,2
2451,3005,4
2451,1401,4
2451,1405,1
2451,3948,2
2451,1407,4
2451,3949,1
2451,3011,4
2451,3952,4
2451,2072,2
2451,1275,4
2451,1276,5
2451,748,3
2451,1282,5
2451,1429,2
2451,1287,4
2451,1431,1
2451,1291,4
2451,1292,5
2451,3053,4
2451,920,4
2451,2259,2
2451,924,3
2451,2402,3
2451,2406,5
2451,2262,3
2451,1608,3
2451,3070,3
2451,2273,3
2451,2420,3
2451,2421,2
2451,2422,2
2451,2431,3
2451,2297,3
2451,969,4
2451,3251,3
2451,2467,4
2451,3412,3
2451,2617,4
2451,2474,3
2451,2475,3
2451,2628,3
2451,1693,4
2451,1694,4
2451,3448,4
2451,2804,5
2451,253,3
2451,3617,2
2451,2817,2
2451,3478,3
2451,405,2
2451,260,3
2451,3623,4
2451,3481,2
2451,2826,4
2451,410,2
2451,2683,2
2451,419,2
2451,420,3
2451,2840,3
2451,2846,2
2451,3649,2
2451,3654,4
2451,1127,4
2451,3672,3
2451,2875,3
2451,606,2
2451,480,4
2451,3841,3
2451,1302,5
2451,1304,4
2451,2115,3
2451,2116,3
2451,648,3
2451,1321,4
2451,1327,4
2451,2133,4
2451,1339,3
2451,1193,5
2451,2147,2
2451,3889,3
2451,2153,2
2451,3895,4
2451,3897,3
2451,1356,3
2451,3101,4
2451,3113,3
2451,2174,4
2451,1373,3
2451,3124,2
2451,1387,5
2451,1388,2
2451,1389,1
2451,1394,5
2451,1544,3
2451,3150,2
2451,3159,3
2451,3300,4
2451,3308,3
2451,3317,2
2451,3175,3
2451,3176,2
2451,2375,2
2451,1721,3
2451,2525,2
2451,1584,4
2451,3359,4
2451,2701,3
2451,3361,5
2451,3363,3
2451,3510,3
2451,3512,3
2451,2572,2
2451,1772,3
2451,1779,2
2451,2722,2
2451,2583,4
2451,1006,3
2451,2748,1
2451,19,2
2451,3555,3
2451,3556,2
2451,1955,4
2451,1019,3
2451,344,3
2451,3710,2
2451,1973,1
2451,3578,4
2451,2779,3
2451,366,1
2451,370,3
2451,2791,4
2451,2792,2
2451,2793,2
2451,1997,4
2451,3745,2
2451,3747,2
2451,3751,3
2451,1210,2
2451,3753,3
2451,2015,3
2451,3755,2
2451,1214,4
2451,2019,3
2451,1073,4
2451,3906,2
2451,1220,4
2451,1225,4
2451,3916,5
2451,3770,3
2451,2035,3
2451,3928,4
2451,3784,3
2451,3786,2
2452,2058,5
2452,589,5
2452,3948,5
2452,593,5
2452,1608,5
2452,1610,5
2452,1617,4
2452,1625,5
2452,3408,3
2452,1805,5
2452,2617,2
2452,3275,5
2452,1833,5
2452,3623,4
2452,3624,3
2452,454,5
2452,457,5
2452,608,5
2452,474,5
2452,480,4
2452,1343,5
2452,3897,3
2452,1358,5
2452,832,4
2452,2314,4
2452,1370,5
2452,3147,3
2452,2353,5
2452,3316,4
2452,3324,3
2452,1722,4
2452,1732,4
2452,2391,5
2452,3354,3
2452,3355,5
2452,1909,5
2452,3513,4
2452,161,4
2452,16,4
2452,1010,1
2452,2762,5
2452,3566,3
2452,2916,4
2452,1047,5
2452,50,4
2452,377,3
2452,527,4
2452,3751,4
2452,3753,4
2452,2017,2
2452,543,1
2452,1092,4
2453,1249,5
2453,574,4
2453,3791,2
2453,1250,5
2453,2058,4
2453,2996,5
2453,2997,3
2453,1259,4
2453,587,4
2453,589,5
2453,5,4
2453,3005,3
2453,3006,4
2453,7,2
2453,1404,4
2453,9,3
2453,3948,4
2453,1407,4
2453,3949,4
2453,1408,4
2453,1262,5
2453,1263,5
2453,2067,3
2453,1265,3
2453,1266,5
2453,733,4
2453,1268,3
2453,590,5
2453,736,2
2453,737,1
2453,592,3
2453,593,5
2453,597,4
2453,3010,4
2453,3011,4
2453,3952,5
2453,2070,4
2453,1415,4
2453,1271,4
2453,1276,4
2453,748,3
2453,3020,3
2453,1422,3
2453,2081,3
2453,1283,3
2453,2231,4
2453,1432,4
2453,3039,3
2453,903,3
2453,1437,3
2453,1291,4
2453,909,4
2453,1299,4
2453,2240,4
2453,2243,4
2453,910,2
2453,912,5
2453,916,4
2453,919,3
2453,3055,3
2453,922,4
2453,2259,2
2453,1459,5
2453,786,4
2453,788,3
2453,2405,4
2453,2406,4
2453,2407,3
2453,2262,4
2453,2409,3
2453,1608,5
2453,2267,3
2453,2268,5
2453,1466,4
2453,2269,3
2453,1468,1
2453,3210,2
2453,1610,5
2453,1611,4
2453,1612,3
2453,3071,4
2453,3072,4
2453,2416,2
2453,3219,3
2453,2271,3
2453,1616,3
2453,2273,3
2453,1617,4
2453,1619,3
2453,3078,4
2453,2276,4
2453,2278,3
2453,1477,3
2453,1479,3
2453,2420,4
2453,2421,3
2453,2422,3
2453,2424,3
2453,3081,4
2453,2425,4
2453,3082,5
2453,2427,3
2453,1625,4
2453,2282,1
2453,1626,3
2453,1480,3
2453,1627,3
2453,953,1
2453,1488,2
2453,2433,3
2453,1633,4
2453,2291,3
2453,2439,4
2453,2293,3
2453,1639,3
2453,3098,3
2453,2297,2
2453,1498,4
2453,969,5
2453,2442,4
2453,1641,4
2453,3246,4
2453,3247,3
2453,1643,4
2453,3249,3
2453,1645,3
2453,971,4
2453,3250,3
2453,3252,5
2453,3255,4
2453,3256,5
2453,3257,4
2453,2455,4
2453,1653,4
2453,987,4
2453,2600,2
2453,3260,4
2453,2605,3
2453,3408,5
2453,3263,3
2453,1660,3
2453,3269,3
2453,1668,4
2453,990,2
2453,991,4
2453,994,4
2453,996,2
2453,998,3
2453,2611,5
2453,3414,4
2453,3271,3
2453,3418,4
2453,3272,4
2453,2616,2
2453,2470,4
2453,2471,3
2453,3274,5
2453,1816,3
2453,2474,4
2453,1673,4
2453,1674,4
2453,204,5
2453,207,4
2453,1678,2
2453,3421,3
2453,2620,3
2453,2621,3
2453,2626,3
2453,3285,4
2453,1681,1
2453,2485,2
2453,215,5
2453,1687,4
2453,217,3
2453,3436,4
2453,1833,3
2453,1834,4
2453,1835,4
2453,1836,1
2453,3296,4
2453,222,3
2453,1693,4
2453,223,2
2453,3298,4
2453,1694,4
2453,224,4
2453,227,3
2453,229,4
2453,2640,4
2453,2641,3
2453,3444,4
2453,1840,3
2453,2643,2
2453,3448,3
2453,230,5
2453,236,4
2453,3450,2
2453,3452,2
2453,246,5
2453,247,3
2453,249,3
2453,2801,3
2453,2803,4
2453,2805,2
2453,2808,2
2453,253,3
2453,254,3
2453,255,1
2453,3614,2
2453,3617,2
2453,3618,3
2453,2671,5
2453,3475,4
2453,3476,4
2453,3478,4
2453,260,4
2453,261,4
2453,265,4
2453,266,4
2453,3623,4
2453,3624,3
2453,2822,4
2453,2829,2
2453,2686,2
2453,3489,3
2453,2688,4
2453,270,4
2453,2833,4
2453,2690,4
2453,2692,3
2453,420,4
2453,1892,4
2453,422,4
2453,423,3
2453,3498,4
2453,2696,4
2453,1894,3
2453,280,4
2453,427,2
2453,1898,3
2453,282,4
2453,1899,2
2453,288,2
2453,1100,3
2453,1101,4
2453,2841,3
2453,2842,4
2453,1103,3
2453,1104,5
2453,431,3
2453,434,3
2453,438,4
2453,292,2
2453,293,4
2453,294,3
2453,296,4
2453,2852,4
2453,2858,4
2453,1119,3
2453,440,4
2453,442,1
2453,446,3
2453,1120,3
2453,3809,5
2453,1124,4
2453,1125,4
2453,454,4
2453,457,5
2453,3811,5
2453,2871,4
2453,2875,4
2453,608,5
2453,464,4
2453,466,1
2453,468,4
2453,3824,3
2453,3826,3
2453,3827,4
2453,471,3
2453,474,5
2453,475,4
2453,477,4
2453,3835,4
2453,3697,4
2453,480,3
2453,481,4
2453,2100,3
2453,3844,4
2453,2109,2
2453,1307,4
2453,630,4
2453,635,3
2453,493,3
2453,494,4
2453,2112,4
2453,2115,4
2453,1179,4
2453,648,4
2453,2120,1
2453,1320,4
2453,3863,4
2453,2124,2
2453,2126,3
2453,3868,4
2453,3869,4
2453,1183,5
2453,1185,3
2453,1186,3
2453,804,3
2453,3879,3
2453,805,4
2453,1193,4
2453,1196,4
2453,1198,5
2453,2144,3
2453,2145,3
2453,1343,4
2453,673,3
2453,2154,3
2453,1354,4
2453,3896,3
2453,2157,2
2453,3897,5
2453,1356,4
2453,1357,5
2453,1358,5
2453,3100,4
2453,3101,4
2453,3103,4
2453,3104,4
2453,2302,4
2453,1500,3
2453,3105,3
2453,3108,3
2453,830,1
2453,2166,4
2453,2167,3
2453,832,4
2453,1366,3
2453,836,3
2453,839,3
2453,695,4
2453,2318,4
2453,1370,3
2453,1372,5
2453,1373,4
2453,1374,3
2453,1376,4
2453,1377,3
2453,848,4
2453,2320,4
2453,2321,3
2453,3125,4
2453,2324,5
2453,1522,3
2453,1380,2
2453,2183,4
2453,1527,1
2453,1382,4
2453,851,3
2453,1385,5
2453,1387,2
2453,858,5
2453,2331,4
2453,1537,4
2453,2194,4
2453,1393,4
2453,861,4
2453,1396,4
2453,1399,4
2453,866,5
2453,3145,3
2453,1542,4
2453,3147,5
2453,3148,4
2453,1545,4
2453,2348,3
2453,2353,4
2453,1552,2
2453,2357,5
2453,1556,3
2453,2502,4
2453,3160,4
2453,1704,5
2453,1562,3
2453,2369,3
2453,1569,4
2453,3316,4
2453,100,3
2453,3176,4
2453,1719,5
2453,1573,3
2453,3178,4
2453,105,5
2453,1721,5
2453,1722,5
2453,3328,3
2453,1580,4
2453,110,5
2453,1727,4
2453,111,5
2453,112,3
2453,1729,5
2453,1586,4
2453,1589,4
2453,3330,5
2453,1732,3
2453,2391,5
2453,1735,3
2453,2539,3
2453,2393,4
2453,1591,2
2453,2395,4
2453,2396,5
2453,1597,4
2453,2541,4
2453,3347,4
2453,1747,3
2453,3350,4
2453,144,3
2453,145,3
2453,147,4
2453,2700,1
2453,2702,3
2453,3361,4
2453,1903,3
2453,2706,2
2453,2561,4
2453,150,4
2453,151,3
2453,1769,2
2453,153,3
2453,3513,4
2453,3515,3
2453,1913,1
2453,2716,2
2453,2571,5
2453,300,3
2453,2573,3
2453,303,2
2453,160,1
2453,161,4
2453,162,2
2453,163,3
2453,164,4
2453,165,4
2453,3524,3
2453,1921,3
2453,3527,4
2453,1923,2
2453,3386,4
2453,1784,5
2453,315,4
2453,170,4
2453,2589,3
2453,318,5
2453,173,1
2453,175,5
2453,3534,3
2453,1792,3
2453,2598,4
2453,326,3
2453,2599,3
2453,1799,3
2453,185,4
2453,1004,5
2453,2745,5
2453,1945,5
2453,10,3
2453,11,4
2453,337,4
2453,191,3
2453,16,4
2453,19,3
2453,198,3
2453,1011,2
2453,3555,4
2453,3556,3
2453,1952,4
2453,3557,3
2453,1953,4
2453,1954,5
2453,1955,4
2453,1957,3
2453,1959,5
2453,24,3
2453,25,3
2453,348,2
2453,349,5
2453,3705,2
2453,3706,3
2453,2906,3
2453,2908,4
2453,2762,4
2453,1960,5
2453,2763,3
2453,1961,5
2453,3566,4
2453,1962,5
2453,1966,3
2453,350,3
2453,2769,4
2453,1968,4
2453,353,3
2453,32,1
2453,356,5
2453,357,3
2453,39,4
2453,2912,5
2453,2915,3
2453,2916,4
2453,2917,5
2453,2918,4
2453,500,4
2453,1034,4
2453,1036,4
2453,3578,4
2453,1037,3
2453,504,3
2453,508,5
2453,509,4
2453,44,1
2453,45,3
2453,367,4
2453,46,3
2453,368,3
2453,47,5
2453,369,3
2453,3728,4
2453,3584,3
2453,2928,4
2453,1043,3
2453,1982,1
2453,1047,5
2453,2787,3
2453,516,4
2453,370,5
2453,517,4
2453,50,5
2453,373,4
2453,376,3
2453,377,3
2453,57,3
2453,379,1
2453,58,4
2453,3730,3
2453,3735,4
2453,3591,3
2453,521,3
2453,523,3
2453,1994,2
2453,2797,3
2453,1058,3
2453,1059,2
2453,380,4
2453,527,5
2453,381,4
2453,383,3
2453,61,3
2453,529,3
2453,62,4
2453,387,2
2453,2000,4
2453,2001,4
2453,1200,4
2453,2003,2
2453,3744,3
2453,2942,2
2453,2006,4
2453,3747,2
2453,1060,3
2453,1061,4
2453,1208,4
2453,2948,3
2453,533,2
2453,537,2
2453,70,1
2453,539,3
2453,74,4
2453,78,4
2453,2012,2
2453,1210,4
2453,3752,3
2453,2950,3
2453,3753,5
2453,2951,4
2453,2952,4
2453,1213,5
2453,3755,4
2453,1214,4
2453,2959,3
2453,547,4
2453,81,2
2453,83,3
2453,86,4
2453,1220,3
2453,2023,4
2453,1221,4
2453,2961,3
2453,1222,4
2453,2028,5
2453,1226,5
2453,2966,4
2453,550,4
2453,552,3
2453,553,3
2453,1088,3
2453,555,4
2453,1089,5
2453,95,4
2453,3911,4
2453,3915,2
2453,3916,5
2453,1233,5
2453,2976,4
2453,704,2
2453,1092,5
2453,1094,5
2453,707,3
2453,1095,4
2453,708,3
2453,1096,5
2453,1097,2
2453,1240,4
2453,3783,5
2453,3785,4
2453,1244,3
2453,1245,3
2453,1246,4
2454,2987,4
2454,2054,3
2454,2059,4
2454,585,1
2454,586,5
2454,588,3
2454,589,5
2454,1,4
2454,2,4
2454,3948,4
2454,1265,4
2454,733,5
2454,590,4
2454,592,3
2454,593,4
2454,594,3
2454,595,3
2454,596,3
2454,597,3
2454,1270,5
2454,2077,3
2454,2078,3
2454,2080,3
2454,2081,3
2454,2083,5
2454,1282,2
2454,2085,3
2454,2086,4
2454,2087,3
2454,2088,3
2454,2089,2
2454,3033,3
2454,3034,3
2454,2090,3
2454,2093,3
2454,1291,4
2454,2094,3
2454,2096,3
2454,908,4
2454,1297,3
2454,1442,4
2454,2249,3
2454,1447,3
2454,919,4
2454,2253,3
2454,1459,3
2454,780,4
2454,788,3
2454,2405,4
2454,2406,4
2454,1608,3
2454,2268,3
2454,2410,3
2454,2411,3
2454,1610,3
2454,3072,2
2454,1615,3
2454,2273,3
2454,1619,4
2454,2420,5
2454,2421,4
2454,2422,3
2454,2423,4
2454,3087,4
2454,953,3
2454,2294,3
2454,3247,3
2454,3253,5
2454,3255,4
2454,2453,3
2454,3259,5
2454,2605,4
2454,1806,4
2454,3269,3
2454,2469,3
2454,3271,4
2454,2616,3
2454,2470,4
2454,2471,4
2454,2478,4
2454,208,3
2454,3424,4
2454,2628,4
2454,3286,2
2454,1688,3
2454,1689,4
2454,3438,3
2454,3439,3
2454,1694,2
2454,224,2
2454,3440,2
2454,2640,4
2454,2641,3
2454,2642,3
2454,2643,2
2454,3448,4
2454,231,3
2454,3450,3
2454,246,4
2454,2804,5
2454,3608,2
2454,3466,4
2454,3471,3
2454,2671,4
2454,1876,3
2454,260,5
2454,3623,2
2454,3624,4
2454,2822,3
2454,3484,4
2454,3489,5
2454,2694,4
2454,1894,3
2454,1101,5
2454,433,3
2454,440,4
2454,442,2
2454,1126,3
2454,450,4
2454,457,4
2454,3673,3
2454,1136,4
2454,605,4
2454,466,2
2454,473,3
2454,474,3
2454,2890,2
2454,3698,3
2454,3699,3
2454,480,4
2454,2100,3
2454,1302,5
2454,2105,3
2454,2106,3
2454,1307,4
2454,493,3
2454,497,4
2454,2115,3
2454,2116,4
2454,648,4
2454,2123,3
2454,2125,4
2454,2126,3
2454,3868,2
2454,653,4
2454,3877,2
2454,2139,4
2454,1193,3
2454,1196,5
2454,1197,4
2454,1198,4
2454,2140,3
2454,2141,3
2454,2144,4
2454,2145,4
2454,1347,1
2454,673,1
2454,3100,3
2454,3105,5
2454,3108,2
2454,2161,4
2454,2162,2
2454,838,3
2454,3114,4
2454,1371,2
2454,2174,3
2454,1372,4
2454,1373,3
2454,1374,4
2454,1375,3
2454,1376,4
2454,1377,2
2454,849,2
2454,1381,1
2454,2193,5
2454,2194,4
2454,861,4
2454,1396,4
2454,1544,3
2454,1550,3
2454,1552,3
2454,2355,3
2454,2359,3
2454,1702,4
2454,1566,2
2454,1569,4
2454,2371,3
2454,3175,3
2454,2378,3
2454,3324,3
2454,1721,3
2454,1580,4
2454,110,4
2454,1582,4
2454,3189,3
2454,1586,3
2454,2392,2
2454,2394,3
2454,2399,4
2454,1597,5
2454,3360,5
2454,150,3
2454,153,2
2454,2571,5
2454,1917,4
2454,160,2
2454,161,4
2454,168,4
2454,1920,2
2454,2723,3
2454,3526,3
2454,3527,3
2454,2581,4
2454,312,4
2454,1784,4
2454,317,4
2454,318,5
2454,3536,4
2454,2735,4
2454,3396,4
2454,3397,4
2454,3398,3
2454,329,2
2454,185,4
2454,1009,2
2454,333,4
2454,11,3
2454,13,3
2454,339,5
2454,1010,3
2454,1015,3
2454,1954,3
2454,1019,3
2454,1957,4
2454,1958,3
2454,21,3
2454,349,4
2454,1022,3
2454,1961,5
2454,1025,4
2454,1027,4
2454,1028,3
2454,1029,3
2454,350,4
2454,1967,2
2454,356,4
2454,34,4
2454,39,3
2454,2916,4
2454,1031,3
2454,1032,4
2454,2918,4
2454,1033,4
2454,502,2
2454,1036,4
2454,507,2
2454,364,4
2454,42,2
2454,367,4
2454,516,5
2454,517,2
2454,377,3
2454,3591,2
2454,2791,3
2454,2792,2
2454,520,3
2454,2795,3
2454,2797,4
2454,380,4
2454,527,5
2454,62,5
2454,69,3
2454,2000,4
2454,1200,4
2454,2005,4
2454,2006,3
2454,1207,3
2454,539,5
2454,79,4
2454,2011,4
2454,3751,3
2454,2012,4
2454,1210,5
2454,2017,3
2454,2018,3
2454,1073,3
2454,2959,1
2454,543,4
2454,1079,4
2454,2021,3
2454,2028,3
2454,2033,3
2454,1091,4
2454,2978,4
2454,1097,4
2454,1240,4
2454,2043,3
2454,1242,5
2454,3784,4
2454,2046,3
2454,1246,5
2455,2987,4
2455,3932,5
2455,3793,4
2455,1258,3
2455,589,3
2455,3000,5
2455,592,3
2455,593,5
2455,3018,1
2455,1270,1
2455,1274,5
2455,741,5
2455,1278,2
2455,1285,2
2455,1288,1
2455,3033,2
2455,2091,1
2455,2093,1
2455,1291,3
2455,2094,5
2455,2097,5
2455,2240,3
2455,924,5
2455,780,3
2455,783,4
2455,788,1
2455,3213,5
2455,3070,1
2455,2450,1
2455,2451,1
2455,2454,1
2455,2455,1
2455,3264,2
2455,1663,2
2455,2617,4
2455,1676,4
2455,2628,1
2455,2633,3
2455,1831,2
2455,2634,3
2455,3438,1
2455,2637,3
2455,2638,3
2455,1690,3
2455,2640,3
2455,2641,3
2455,2642,1
2455,2643,1
2455,2648,3
2455,2657,1
2455,2662,3
2455,2664,5
2455,2668,1
2455,3471,3
2455,3476,5
2455,3479,4
2455,260,5
2455,2826,5
2455,3489,4
2455,2687,3
2455,3638,2
2455,2699,1
2455,435,2
2455,296,5
2455,3802,3
2455,1127,2
2455,2867,3
2455,1128,3
2455,1129,5
2455,1130,3
2455,3819,1
2455,2872,5
2455,3676,1
2455,610,5
2455,3698,3
2455,3699,1
2455,480,2
2455,2100,1
2455,3840,3
2455,2105,1
2455,2116,5
2455,2117,3
2455,1320,2
2455,1321,2
2455,653,2
2455,1333,3
2455,1334,2
2455,2139,4
2455,1196,5
2455,1197,5
2455,1198,5
2455,1199,2
2455,2140,2
2455,1348,5
2455,671,1
2455,2161,1
2455,2167,5
2455,2173,4
2455,1371,2
2455,2174,3
2455,1372,1
2455,1373,1
2455,1374,4
2455,1375,1
2455,1376,4
2455,849,1
2455,2328,3
2455,1387,2
2455,2193,3
2455,1544,1
2455,2352,3
2455,2355,3
2455,880,3
2455,1702,1
2455,2364,1
2455,2366,3
2455,1566,3
2455,3175,3
2455,2527,1
2455,1580,2
2455,2530,2
2455,2531,1
2455,2532,2
2455,2533,1
2455,2539,3
2455,2393,3
2455,2394,3
2455,1748,3
2455,2701,3
2455,1907,4
2455,1909,2
2455,2716,3
2455,2717,1
2455,2571,5
2455,3525,1
2455,3527,3
2455,316,3
2455,173,2
2455,177,1
2455,327,1
2455,328,2
2455,329,3
2455,2746,1
2455,1009,1
2455,3552,2
2455,1019,3
2455,3701,2
2455,3702,4
2455,3703,2
2455,2901,1
2455,3704,1
2455,3706,5
2455,2761,5
2455,1965,1
2455,1967,2
2455,1968,2
2455,32,5
2455,356,2
2455,2916,3
2455,1036,4
2455,1037,1
2455,367,4
2455,1982,2
2455,1994,1
2455,2797,1
2455,3740,5
2455,1200,4
2455,1205,3
2455,1206,5
2455,2009,1
2455,2011,1
2455,2012,1
2455,1210,3
2455,1214,5
2455,1215,5
2455,1217,3
2455,541,5
2455,1077,1
2455,2021,3
2455,2022,3
2455,1222,3
2455,2968,3
2455,3917,2
2455,3918,1
2455,2034,2
2455,1097,2
2455,3926,2
2455,3927,1
2455,1240,5
2455,3928,3
2455,2985,4
2455,2986,1
2456,2987,4
2456,1249,4
2456,2989,2
2456,2054,3
2456,1257,4
2456,2997,4
2456,1258,4
2456,1259,3
2456,587,2
2456,589,3
2456,3000,3
2456,1,3
2456,1405,3
2456,1407,3
2456,1261,3
2456,2064,4
2456,1408,4
2456,2065,3
2456,1265,3
2456,1266,5
2456,1268,4
2456,590,3
2456,592,4
2456,593,4
2456,1411,4
2456,3019,4
2456,2076,4
2456,1274,3
2456,1275,4
2456,1277,5
2456,745,4
2456,3020,3
2456,1285,4
2456,2088,3
2456,1288,4
2456,3033,2
2456,3036,4
2456,3039,3
2456,1290,3
2456,2093,4
2456,1291,3
2456,2094,3
2456,1293,4
2456,761,3
2456,1296,4
2456,1297,3
2456,1298,2
2456,2240,3
2456,3045,3
2456,2243,5
2456,1441,3
2456,2245,2
2456,2247,3
2456,2248,4
2456,3052,3
2456,2253,1
2456,921,4
2456,780,2
2456,3203,3
2456,2401,3
2456,2402,2
2456,3060,3
2456,2405,2
2456,2406,3
2456,2407,3
2456,2262,2
2456,1608,3
2456,2268,3
2456,3210,3
2456,2413,2
2456,2414,3
2456,3072,3
2456,2416,3
2456,1617,4
2456,1476,2
2456,3082,4
2456,3087,2
2456,2288,3
2456,2289,4
2456,2290,3
2456,2291,3
2456,3098,3
2456,3252,2
2456,2450,1
2456,3253,4
2456,3254,3
2456,2455,4
2456,3260,4
2456,1663,3
2456,3418,3
2456,3272,2
2456,2616,2
2456,2617,4
2456,2473,1
2456,2475,2
2456,2476,2
2456,2478,3
2456,1676,2
2456,208,3
2456,3424,4
2456,3426,3
2456,3429,4
2456,2628,4
2456,1831,2
2456,3438,4
2456,223,5
2456,1699,2
2456,3441,2
2456,2641,4
2456,3448,2
2456,235,3
2456,2803,2
2456,3608,3
2456,2808,1
2456,253,3
2456,3479,3
2456,410,4
2456,2683,3
2456,1882,1
2456,3489,2
2456,2687,4
2456,1885,4
2456,416,3
2456,417,4
2456,3499,3
2456,1101,2
2456,434,2
2456,435,2
2456,2858,5
2456,440,3
2456,2859,5
2456,448,4
2456,1127,3
2456,1129,3
2456,454,2
2456,457,3
2456,3819,4
2456,2872,4
2456,2879,4
2456,3685,4
2456,1148,5
2456,471,4
2456,474,3
2456,2890,5
2456,3697,2
2456,3698,2
2456,481,3
2456,485,1
2456,2100,2
2456,1302,3
2456,3844,1
2456,2105,3
2456,2108,4
2456,1307,3
2456,492,2
2456,497,4
2456,2110,3
2456,2111,3
2456,2115,3
2456,2118,3
2456,2119,3
2456,1172,3
2456,1173,4
2456,1179,4
2456,648,4
2456,1320,3
2456,2125,3
2456,3868,3
2456,3869,3
2456,1185,4
2456,1186,3
2456,2134,3
2456,1339,2
2456,1196,5
2456,1197,5
2456,1198,4
2456,1199,5
2456,2144,3
2456,2145,3
2456,2146,2
2456,2153,1
2456,2301,4
2456,3104,3
2456,1500,4
2456,3105,3
2456,3107,2
2456,3108,3
2456,2311,3
2456,3114,4
2456,2312,3
2456,2313,4
2456,2173,5
2456,1517,3
2456,1373,1
2456,1374,4
2456,1375,3
2456,1376,3
2456,1377,1
2456,1378,3
2456,1379,2
2456,849,2
2456,3130,2
2456,2337,4
2456,2193,2
2456,2194,3
2456,1394,4
2456,3141,3
2456,2344,2
2456,3147,4
2456,2348,4
2456,2352,3
2456,3163,4
2456,1562,1
2456,2369,3
2456,892,3
2456,2517,2
2456,2371,3
2456,2518,3
2456,3175,4
2456,2373,2
2456,2374,2
2456,2375,2
2456,104,3
2456,1721,2
2456,1726,1
2456,112,3
2456,1587,3
2456,2393,3
2456,1591,1
2456,2395,4
2456,3358,4
2456,148,2
2456,2700,4
2456,2701,2
2456,3361,3
2456,150,3
2456,153,3
2456,157,2
2456,1912,3
2456,2716,4
2456,2717,3
2456,2571,5
2456,1917,2
2456,305,3
2456,163,5
2456,164,3
2456,3521,4
2456,3525,2
2456,3526,2
2456,3527,3
2456,316,4
2456,318,4
2456,172,1
2456,2735,2
2456,3394,2
2456,2599,4
2456,329,3
2456,184,3
2456,3544,3
2456,2745,4
2456,2746,3
2456,10,3
2456,198,3
2456,3550,4
2456,2751,2
2456,2752,2
2456,2755,2
2456,2759,3
2456,1959,4
2456,21,4
2456,3703,4
2456,3704,3
2456,2902,2
2456,3705,2
2456,3706,2
2456,3707,2
2456,3708,3
2456,2762,5
2456,1960,4
2456,1027,2
2456,1965,5
2456,1028,3
2456,1967,3
2456,1968,3
2456,32,5
2456,356,4
2456,357,3
2456,2915,2
2456,2916,3
2456,2770,4
2456,2917,3
2456,2918,4
2456,500,2
2456,3576,4
2456,1036,4
2456,1037,2
2456,365,4
2456,44,3
2456,45,4
2456,367,3
2456,47,3
2456,3723,3
2456,3727,4
2456,2926,3
2456,1041,4
2456,515,4
2456,518,4
2456,50,5
2456,377,3
2456,2791,3
2456,520,2
2456,2795,3
2456,2796,2
2456,1994,3
2456,2797,3
2456,529,5
2456,2000,3
2456,3740,5
2456,2001,3
2456,2003,3
2456,2942,3
2456,2006,4
2456,2008,4
2456,537,4
2456,70,3
2456,538,5
2456,393,2
2456,2011,3
2456,2012,3
2456,1210,4
2456,2950,2
2456,1213,4
2456,1215,5
2456,2959,4
2456,541,4
2456,543,4
2456,1079,4
2456,546,3
2456,2020,4
2456,2021,3
2456,1220,4
2456,1222,4
2456,3764,1
2456,3765,4
2456,1225,4
2456,2028,5
2456,1081,3
2456,2968,4
2456,551,2
2456,553,3
2456,555,5
2456,1089,4
2456,95,3
2456,1233,4
2456,2973,4
2456,1090,4
2456,1091,2
2456,1096,4
2456,1097,4
2456,1240,3
2456,1242,3
2456,1243,4
2456,1245,3
2456,2985,3
2456,1246,2
2456,2986,2
2457,2987,3
2457,1249,4
2457,2989,4
2457,3930,3
2457,3937,3
2457,2990,5
2457,3793,4
2457,2991,4
2457,2054,3
2457,1252,4
2457,2995,1
2457,2058,4
2457,1256,3
2457,1257,5
2457,724,3
2457,2997,3
2457,1258,3
2457,1259,3
2457,585,2
2457,587,3
2457,588,4
2457,589,4
2457,1,4
2457,6,3
2457,1405,3
2457,1407,2
2457,1261,5
2457,2064,4
2457,2065,3
2457,1265,4
2457,733,4
2457,735,4
2457,737,2
2457,592,4
2457,593,3
2457,594,4
2457,595,4
2457,596,4
2457,3016,1
2457,3017,3
2457,3018,2
2457,1270,5
2457,2073,3
2457,1274,4
2457,1275,5
2457,2078,3
2457,1278,3
2457,3024,1
2457,2080,4
2457,2081,5
2457,1281,4
2457,1282,2
2457,2085,4
2457,1284,4
2457,2087,4
2457,1285,3
2457,2089,3
2457,1288,3
2457,3033,4
2457,3034,4
2457,3037,3
2457,2090,3
2457,2091,3
2457,2092,3
2457,1291,5
2457,2094,3
2457,1292,2
2457,2096,4
2457,1297,5
2457,3040,5
2457,2243,3
2457,2245,3
2457,2247,3
2457,3054,3
2457,924,3
2457,780,4
2457,783,3
2457,3203,3
2457,2406,3
2457,2407,3
2457,2261,5
2457,2408,2
2457,1610,4
2457,3070,4
2457,3072,4
2457,2416,5
2457,2273,4
2457,1617,5
2457,2278,3
2457,1476,3
2457,2279,2
2457,2423,4
2457,3081,4
2457,1623,1
2457,3082,4
2457,2428,3
2457,1480,3
2457,3087,5
2457,951,5
2457,2288,3
2457,2289,3
2457,955,5
2457,2294,3
2457,968,3
2457,3244,2
2457,1644,2
2457,2450,2
2457,3253,3
2457,3255,4
2457,3256,5
2457,2455,2
2457,1653,3
2457,2457,4
2457,3261,3
2457,2606,4
2457,2460,2
2457,3409,3
2457,2461,2
2457,2462,2
2457,1806,4
2457,2463,3
2457,3267,4
2457,2465,2
2457,3269,3
2457,2615,3
2457,3273,2
2457,2617,2
2457,1674,3
2457,1676,4
2457,2628,4
2457,1831,3
2457,1690,1
2457,1692,2
2457,223,5
2457,3441,4
2457,2640,4
2457,2641,3
2457,3444,4
2457,2642,2
2457,2644,3
2457,3448,4
2457,2648,3
2457,236,3
2457,2657,1
2457,2808,2
2457,2662,3
2457,2664,3
2457,1862,2
2457,2668,3
2457,1866,3
2457,253,4
2457,3471,3
2457,2819,4
2457,3476,3
2457,405,2
2457,1876,3
2457,260,5
2457,267,2
2457,3481,4
2457,1882,2
2457,2687,4
2457,415,2
2457,417,3
2457,273,1
2457,3635,4
2457,3638,3
2457,3639,4
2457,3499,4
2457,2699,5
2457,1101,3
2457,292,2
2457,293,5
2457,2858,2
2457,441,5
2457,442,3
2457,3802,2
2457,3660,2
2457,3809,4
2457,1125,3
2457,1127,3
2457,2867,4
2457,2868,3
2457,1129,4
2457,457,4
2457,1130,2
2457,2871,3
2457,2872,5
2457,1135,3
2457,2878,2
2457,606,1
2457,608,3
2457,610,3
2457,3685,3
2457,611,1
2457,3686,3
2457,471,3
2457,472,2
2457,619,2
2457,474,4
2457,3836,4
2457,3697,3
2457,3698,3
2457,3699,3
2457,480,3
2457,482,3
2457,3840,2
2457,2105,3
2457,1304,5
2457,2107,3
2457,2108,4
2457,1307,5
2457,493,2
2457,497,2
2457,2111,3
2457,2115,5
2457,2116,4
2457,2118,3
2457,2119,2
2457,1171,3
2457,1179,3
2457,2121,3
2457,2122,2
2457,1320,1
2457,2123,3
2457,1321,3
2457,3868,3
2457,1327,3
2457,2134,5
2457,1333,3
2457,1334,3
2457,2137,4
2457,2138,4
2457,1336,2
2457,1339,1
2457,661,3
2457,1196,5
2457,663,3
2457,1197,5
2457,1198,5
2457,2140,4
2457,2141,3
2457,2142,3
2457,1340,3
2457,1343,2
2457,1345,3
2457,2148,4
2457,2149,2
2457,1347,3
2457,673,3
2457,1350,4
2457,2158,3
2457,1356,3
2457,2301,3
2457,3104,4
2457,3107,4
2457,2160,3
2457,2167,3
2457,838,2
2457,3114,4
2457,2315,2
2457,1370,5
2457,1517,3
2457,1371,4
2457,1372,3
2457,1374,3
2457,1375,3
2457,842,2
2457,1376,3
2457,2322,2
2457,2327,3
2457,1527,3
2457,1387,4
2457,1388,2
2457,1389,2
2457,858,3
2457,2338,2
2457,1537,3
2457,1391,2
2457,2194,4
2457,1392,3
2457,2195,3
2457,861,2
2457,1396,5
2457,866,1
2457,3147,3
2457,2346,3
2457,1544,3
2457,879,2
2457,2352,3
2457,2353,4
2457,2354,4
2457,1552,4
2457,3157,4
2457,2355,4
2457,880,1
2457,2366,3
2457,891,3
2457,2513,3
2457,2517,3
2457,2371,5
2457,3174,3
2457,2518,4
2457,1717,2
2457,1573,2
2457,2376,4
2457,2377,2
2457,1722,5
2457,3327,3
2457,2525,2
2457,2527,3
2457,2528,4
2457,1580,4
2457,110,5
2457,2529,3
2457,2532,3
2457,2533,3
2457,1590,1
2457,1591,2
2457,2548,2
2457,1754,3
2457,141,5
2457,144,4
2457,3501,4
2457,2700,3
2457,2701,2
2457,3505,4
2457,3361,4
2457,3362,3
2457,2706,3
2457,2560,2
2457,3363,4
2457,1907,4
2457,1762,3
2457,1909,3
2457,2567,2
2457,2710,1
2457,2713,2
2457,1912,2
2457,2716,4
2457,2717,4
2457,2571,5
2457,1917,3
2457,160,2
2457,1777,3
2457,161,3
2457,163,4
2457,165,5
2457,3525,4
2457,3527,4
2457,1923,3
2457,1924,1
2457,1784,2
2457,316,3
2457,3534,4
2457,3535,1
2457,322,3
2457,3397,4
2457,2597,2
2457,327,2
2457,328,2
2457,329,4
2457,3543,3
2457,2746,3
2457,330,4
2457,338,3
2457,196,2
2457,3550,3
2457,3551,3
2457,3552,5
2457,1953,3
2457,1958,3
2457,21,3
2457,24,2
2457,349,5
2457,3700,3
2457,3701,3
2457,3702,3
2457,2900,2
2457,3703,3
2457,2901,3
2457,3704,2
2457,3706,2
2457,3708,2
2457,3709,2
2457,2761,4
2457,1022,3
2457,2762,3
2457,1023,4
2457,1025,4
2457,1965,3
2457,1028,3
2457,1029,4
2457,1969,2
2457,353,3
2457,356,4
2457,357,3
2457,36,1
2457,39,3
2457,3712,3
2457,2916,4
2457,2770,3
2457,1032,3
2457,2918,5
2457,1970,2
2457,1033,3
2457,3576,2
2457,1972,2
2457,1036,5
2457,1974,4
2457,1037,2
2457,1975,4
2457,1976,2
2457,2779,2
2457,1977,2
2457,1979,2
2457,364,4
2457,367,3
2457,368,4
2457,47,3
2457,48,3
2457,3725,3
2457,3727,5
2457,1042,4
2457,1980,2
2457,1981,2
2457,1982,4
2457,1983,4
2457,1984,1
2457,1985,3
2457,1986,2
2457,2789,2
2457,1987,3
2457,50,3
2457,519,2
2457,373,3
2457,377,4
2457,3591,4
2457,2791,5
2457,1991,2
2457,1992,2
2457,2795,5
2457,1994,3
2457,2797,4
2457,1995,2
2457,380,4
2457,1997,3
2457,382,3
2457,2000,5
2457,3740,4
2457,2001,5
2457,1200,3
2457,2003,4
2457,1201,4
2457,2004,2
2457,1206,2
2457,2947,4
2457,2948,4
2457,2949,4
2457,1064,4
2457,532,2
2457,2011,4
2457,2012,5
2457,1210,5
2457,1214,3
2457,1215,5
2457,2018,4
2457,1219,3
2457,1073,3
2457,541,2
2457,1079,3
2457,546,1
2457,1220,5
2457,1222,5
2457,2028,4
2457,1080,2
2457,1227,3
2457,2968,3
2457,551,4
2457,552,2
2457,555,3
2457,1089,3
2457,558,2
2457,3770,3
2457,3917,2
2457,3918,1
2457,3919,1
2457,1234,4
2457,2974,3
2457,1235,3
2457,1238,3
2457,1092,3
2457,1097,4
2457,709,3
2457,1240,5
2457,3928,4
2457,1242,3
2457,2046,3
2457,2985,3
2457,2986,2
2458,1259,3
2458,587,2
2458,588,5
2458,589,5
2458,1,3
2458,6,2
2458,1407,5
2458,2064,1
2458,1408,4
2458,1265,5
2458,733,5
2458,593,5
2458,1270,5
2458,2078,3
2458,1278,3
2458,748,3
2458,2080,3
2458,2081,5
2458,3033,1
2458,3039,3
2458,2094,4
2458,1297,5
2458,2248,3
2458,2255,2
2458,786,5
2458,788,4
2458,2405,4
2458,2406,5
2458,2407,4
2458,1608,3
2458,3210,3
2458,1610,2
2458,3072,1
2458,2416,3
2458,1476,4
2458,2423,4
2458,1480,1
2458,3087,2
2458,3256,2
2458,1663,5
2458,2470,5
2458,2617,5
2458,1676,4
2458,3421,4
2458,3424,2
2458,2628,5
2458,1831,4
2458,1690,4
2458,3448,3
2458,230,2
2458,2804,5
2458,3608,1
2458,1876,3
2458,2699,4
2458,2841,3
2458,292,1
2458,293,5
2458,442,4
2458,1127,4
2458,2867,4
2458,454,1
2458,457,5
2458,1136,5
2458,608,1
2458,3686,2
2458,3688,4
2458,474,4
2458,3836,4
2458,480,5
2458,1304,3
2458,2108,3
2458,1307,2
2458,497,1
2458,2110,1
2458,2111,2
2458,1172,5
2458,1320,4
2458,3868,5
2458,2133,3
2458,2134,4
2458,1197,5
2458,2144,4
2458,2150,2
2458,2302,2
2458,832,4
2458,1370,5
2458,2174,4
2458,1372,3
2458,1378,5
2458,1527,5
2458,1394,1
2458,1395,2
2458,1396,4
2458,1544,5
2458,3156,2
2458,1552,5
2458,3301,4
2458,2371,4
2458,3175,4
2458,1717,5
2458,1573,2
2458,2378,4
2458,1722,5
2458,1580,5
2458,1584,3
2458,1732,2
2458,2393,3
2458,2396,2
2458,3501,1
2458,3361,2
2458,1909,5
2458,2716,5
2458,2571,5
2458,1917,5
2458,163,4
2458,165,5
2458,2722,4
2458,3525,2
2458,3526,1
2458,316,4
2458,173,3
2458,3391,2
2458,2736,1
2458,3396,3
2458,3397,3
2458,180,2
2458,185,4
2458,10,5
2458,16,2
2458,196,5
2458,3552,4
2458,2750,1
2458,23,3
2458,24,4
2458,349,2
2458,2762,5
2458,2763,5
2458,1028,2
2458,1968,3
2458,353,5
2458,356,5
2458,34,4
2458,2916,5
2458,2918,4
2458,1976,3
2458,47,4
2458,50,3
2458,379,2
2458,3591,5
2458,2791,4
2458,2792,4
2458,2795,5
2458,2797,2
2458,2000,5
2458,3740,5
2458,2001,5
2458,2003,4
2458,2011,5
2458,543,5
2458,1079,1
2458,1220,2
2458,1080,4
2458,2973,2
2458,1091,3
2458,1097,5
2459,2058,4
2459,2996,3
2459,586,3
2459,589,4
2459,1,4
2459,3006,5
2459,3948,2
2459,1265,4
2459,733,4
2459,590,4
2459,593,4
2459,595,5
2459,3952,4
2459,1422,4
2459,2231,4
2459,2236,4
2459,1459,4
2459,780,4
2459,2268,4
2459,1466,4
2459,1610,4
2459,1617,4
2459,2424,5
2459,1485,4
2459,1641,4
2459,3247,4
2459,3255,5
2459,3256,4
2459,3260,4
2459,3408,5
2459,1672,3
2459,207,3
2459,2628,4
2459,1682,3
2459,3287,4
2459,1833,4
2459,222,4
2459,1693,3
2459,249,4
2459,2803,4
2459,252,4
2459,3484,3
2459,1883,3
2459,1888,4
2459,1892,4
2459,289,3
2459,2858,2
2459,457,4
2459,605,3
2459,475,4
2459,628,4
2459,494,3
2459,3869,4
2459,1197,4
2459,3893,2
2459,3100,4
2459,2302,4
2459,832,4
2459,3114,3
2459,1370,4
2459,2324,5
2459,852,4
2459,2334,4
2459,1393,3
2459,2340,2
2459,3148,1
2459,2355,4
2459,2359,4
2459,2501,5
2459,1704,5
2459,1569,3
2459,3317,2
2459,3318,3
2459,3174,2
2459,1573,3
2459,3179,4
2459,1721,2
2459,1722,4
2459,1580,4
2459,110,3
2459,3185,4
2459,1727,3
2459,1584,5
2459,1597,4
2459,1747,3
2459,3510,4
2459,3515,3
2459,2572,4
2459,1923,5
2459,3386,3
2459,317,3
2459,318,5
2459,3534,2
2459,3536,5
2459,11,5
2459,337,5
2459,16,3
2459,339,3
2459,21,3
2459,2762,4
2459,1961,5
2459,350,4
2459,356,5
2459,36,3
2459,500,4
2459,508,5
2459,364,4
2459,367,4
2459,1042,3
2459,50,5
2459,524,4
2459,380,4
2459,527,5
2459,381,4
2459,1061,4
2459,2012,4
2459,3752,2
2459,3753,5
2459,1213,3
2459,3755,2
2459,2028,5
2459,3916,5
2459,708,2
2460,2987,3
2460,2056,4
2460,1262,4
2460,1269,5
2460,590,5
2460,903,5
2460,904,5
2460,911,4
2460,914,4
2460,919,5
2460,920,5
2460,931,4
2460,933,5
2460,1617,3
2460,953,5
2460,2433,4
2460,969,4
2460,3406,4
2460,2605,4
2460,2628,5
2460,260,5
2460,3623,4
2460,1127,4
2460,3841,2
2460,1304,3
2460,1196,4
2460,1197,3
2460,1198,5
2460,3114,5
2460,3157,4
2460,2355,4
2460,898,5
2460,110,4
2460,2396,4
2460,2701,3
2460,2716,5
2460,2724,4
2460,17,4
2460,1959,3
2460,2763,5
2460,1961,3
2460,1200,3
2460,1204,5
2460,1210,5
2460,2013,4
2460,2028,5
2460,1226,5
2460,1083,1
2460,2038,3
2460,1242,4
2460,1247,5
2461,3793,2
2461,1257,4
2461,2997,2
2461,1259,5
2461,589,5
2461,2,4
2461,3948,4
2461,1261,4
2461,1265,3
2461,733,4
2461,593,1
2461,1411,4
2461,2248,4
2461,1608,3
2461,1610,4
2461,1617,4
2461,3082,2
2461,1639,3
2461,3253,3
2461,3255,3
2461,3408,3
2461,3271,4
2461,1676,4
2461,2622,4
2461,2628,3
2461,223,3
2461,3450,2
2461,2804,4
2461,3616,2
2461,2671,3
2461,3623,1
2461,3481,5
2461,2692,4
2461,2858,5
2461,457,4
2461,1136,5
2461,608,1
2461,480,4
2461,648,3
2461,3868,5
2461,1198,5
2461,3897,4
2461,2301,5
2461,1500,4
2461,2167,5
2461,2169,4
2461,1517,4
2461,2174,4
2461,1377,2
2461,2321,5
2461,2324,5
2461,2329,5
2461,1527,4
2461,2336,3
2461,1393,4
2461,1556,1
2461,3300,3
2461,2502,3
2461,3160,4
2461,1704,4
2461,3175,4
2461,1722,3
2461,1580,5
2461,110,4
2461,2396,5
2461,1747,4
2461,2700,1
2461,3512,3
2461,3515,4
2461,1912,4
2461,2716,4
2461,2571,5
2461,303,3
2461,2723,1
2461,3386,5
2461,318,5
2461,10,5
2461,11,4
2461,3553,4
2461,3555,1
2461,21,4
2461,346,5
2461,356,4
2461,36,5
2461,2916,5
2461,2918,5
2461,3578,3
2461,1047,5
2461,50,5
2461,2791,5
2461,3596,2
2461,527,5
2461,2006,3
2461,2011,3
2461,3751,3
2461,3755,2
2461,1215,5
2461,543,4
2461,86,3
2461,1220,5
2461,2028,4
2461,1089,5
2461,3913,5
2461,3785,5
2462,2987,4
2462,3793,4
2462,2054,3
2462,2057,3
2462,1256,4
2462,1259,4
2462,586,4
2462,588,5
2462,589,3
2462,1,5
2462,2064,4
2462,1262,5
2462,2065,3
2462,1265,4
2462,590,3
2462,592,4
2462,593,5
2462,594,5
2462,595,5
2462,1270,3
2462,2078,3
2462,1276,4
2462,1278,4
2462,745,4
2462,2080,3
2462,2081,4
2462,2083,3
2462,1282,4
2462,2085,4
2462,750,4
2462,2087,4
2462,2088,3
2462,1288,5
2462,3033,2
2462,3034,3
2462,3037,4
2462,3039,3
2462,903,4
2462,1291,3
2462,904,4
2462,1292,5
2462,1293,4
2462,2096,3
2462,1294,4
2462,2098,3
2462,908,4
2462,1299,4
2462,910,4
2462,912,4
2462,919,5
2462,923,4
2462,924,4
2462,780,4
2462,2406,3
2462,2407,3
2462,1610,4
2462,1614,3
2462,3087,3
2462,3088,4
2462,2431,4
2462,2291,5
2462,1641,3
2462,3253,2
2462,3255,4
2462,3263,3
2462,2470,2
2462,2478,4
2462,3421,3
2462,3429,5
2462,2628,3
2462,1688,4
2462,2640,4
2462,3448,3
2462,235,4
2462,3450,3
2462,2657,4
2462,246,4
2462,2804,4
2462,2662,3
2462,2664,4
2462,3467,4
2462,3471,4
2462,260,4
2462,262,4
2462,2683,3
2462,3638,3
2462,2699,3
2462,2857,4
2462,2858,4
2462,1125,4
2462,1129,2
2462,3811,4
2462,3812,4
2462,3671,4
2462,3675,3
2462,1136,4
2462,608,5
2462,1148,4
2462,616,3
2462,3693,1
2462,480,4
2462,2100,2
2462,2105,2
2462,1304,4
2462,2108,4
2462,2109,4
2462,1188,4
2462,3871,4
2462,2137,3
2462,1193,5
2462,661,4
2462,1196,4
2462,1197,5
2462,1198,5
2462,1199,4
2462,2140,3
2462,2145,3
2462,673,2
2462,678,5
2462,2150,5
2462,1356,3
2462,1358,5
2462,2300,4
2462,2301,2
2462,2163,2
2462,1367,4
2462,1517,3
2462,1371,4
2462,2174,3
2462,1373,3
2462,1374,3
2462,1375,3
2462,1376,3
2462,849,1
2462,2321,4
2462,1387,3
2462,1391,2
2462,1394,5
2462,1396,4
2462,2346,3
2462,1544,4
2462,3157,4
2462,2355,3
2462,1702,3
2462,1566,3
2462,899,3
2462,2375,3
2462,2378,1
2462,2527,4
2462,2528,3
2462,1580,4
2462,110,4
2462,2529,3
2462,1584,4
2462,2533,2
2462,2393,4
2462,2398,4
2462,1747,4
2462,3504,4
2462,3360,4
2462,1907,5
2462,1909,3
2462,150,5
2462,2716,4
2462,1914,5
2462,2571,5
2462,1919,3
2462,3524,1
2462,3526,5
2462,3527,3
2462,317,3
2462,318,5
2462,2735,2
2462,3396,4
2462,3397,2
2462,3398,2
2462,329,4
2462,2746,4
2462,1007,2
2462,10,3
2462,13,3
2462,19,2
2462,196,2
2462,1010,3
2462,3552,2
2462,1013,2
2462,1951,4
2462,1017,3
2462,1957,3
2462,344,3
2462,3702,3
2462,3703,3
2462,3704,2
2462,1020,2
2462,2761,4
2462,1022,3
2462,1025,3
2462,1963,4
2462,1028,5
2462,1029,4
2462,32,3
2462,355,2
2462,356,4
2462,34,5
2462,2916,3
2462,1031,3
2462,1032,3
2462,1033,3
2462,500,3
2462,1036,3
2462,364,2
2462,367,4
2462,2921,4
2462,2922,3
2462,2788,5
2462,2791,4
2462,2797,4
2462,380,3
2462,60,4
2462,2000,2
2462,1200,3
2462,2947,3
2462,539,3
2462,3751,4
2462,1210,4
2462,2015,3
2462,1214,5
2462,2018,4
2462,1219,4
2462,1073,4
2462,541,4
2462,1077,5
2462,1079,4
2462,2021,3
2462,1220,4
2462,1225,5
2462,1080,4
2462,2968,3
2462,1083,4
2462,3911,4
2462,2031,2
2462,1230,4
2462,2035,2
2462,1234,4
2462,1235,5
2462,1097,4
2462,2040,2
2462,1240,4
2462,2043,2
2462,1242,5
2462,1244,3
2462,2985,2
2462,2048,3
2462,1247,4
2463,2989,3
2463,3930,4
2463,3932,4
2463,3936,4
2463,2990,3
2463,1259,5
2463,589,4
2463,3948,3
2463,1261,1
2463,592,4
2463,1275,4
2463,3029,2
2463,1291,4
2463,908,5
2463,2099,2
2463,2402,3
2463,2403,4
2463,2405,3
2463,2406,4
2463,2414,3
2463,2421,1
2463,2291,4
2463,2454,3
2463,2457,3
2463,3408,3
2463,2613,2
2463,201,2
2463,1673,3
2463,2476,3
2463,3441,3
2463,2641,2
2463,3444,3
2463,2657,1
2463,2802,3
2463,282,1
2463,1101,4
2463,293,4
2463,2858,5
2463,1127,3
2463,1129,3
2463,2872,3
2463,608,3
2463,610,4
2463,3698,3
2463,480,4
2463,2105,3
2463,2115,1
2463,1171,1
2463,3868,5
2463,661,1
2463,1196,5
2463,1197,4
2463,1198,5
2463,1347,4
2463,3889,4
2463,3104,3
2463,2160,4
2463,1374,2
2463,1375,2
2463,1376,2
2463,1378,4
2463,858,4
2463,2193,4
2463,2194,4
2463,2376,2
2463,3327,4
2463,2525,3
2463,110,5
2463,2529,4
2463,1587,4
2463,2532,1
2463,2533,2
2463,3197,2
2463,3527,4
2463,3535,4
2463,2735,2
2463,2741,2
2463,3555,3
2463,3703,3
2463,3704,3
2463,1035,1
2463,1036,4
2463,366,1
2463,2791,5
2463,524,3
2463,2000,4
2463,3740,4
2463,2001,3
2463,1200,3
2463,2948,3
2463,70,4
2463,1210,4
2463,3753,4
2463,1220,4
2463,3763,3
2463,1222,5
2463,3766,2
2463,3917,3
2463,1090,4
2463,1097,4
2463,1240,4
2463,3928,4
2463,1242,3
2463,3785,4
2463,2985,3
2464,2987,3
2464,1259,4
2464,2065,4
2464,593,5
2464,2248,4
2464,919,4
2464,3249,2
2464,3408,3
2464,2469,3
2464,260,3
2464,3481,3
2464,2692,4
2464,1101,3
2464,2858,4
2464,608,4
2464,2100,4
2464,1307,4
2464,1172,4
2464,1197,4
2464,2145,4
2464,3897,4
2464,858,4
2464,2369,3
2464,1919,3
2464,318,4
2464,2739,5
2464,1946,4
2464,1961,4
2464,527,5
2464,1210,3
2464,1221,5
2464,2028,4
2464,2966,5
2464,1088,3
2464,1230,4
2465,2987,3
2465,1249,4
2465,1250,5
2465,2054,3
2465,1252,5
2465,2997,5
2465,1258,4
2465,1259,5
2465,2202,4
2465,6,3
2465,3006,4
2465,1262,4
2465,1263,5
2465,2067,5
2465,1265,4
2465,1266,5
2465,1267,5
2465,590,5
2465,593,5
2465,599,5
2465,3011,4
2465,3952,4
2465,1272,5
2465,1276,5
2465,1278,4
2465,2080,4
2465,1283,5
2465,750,5
2465,1287,5
2465,3035,5
2465,3037,4
2465,1294,5
2465,908,4
2465,909,5
2465,1299,5
2465,2240,5
2465,2243,4
2465,910,4
2465,911,3
2465,912,3
2465,918,3
2465,919,5
2465,920,3
2465,923,5
2465,924,5
2465,780,3
2465,3201,4
2465,3062,4
2465,1610,4
2465,3219,4
2465,1617,5
2465,2287,4
2465,2288,3
2465,954,5
2465,3230,4
2465,2433,4
2465,968,4
2465,969,5
2465,2455,4
2465,3408,4
2465,994,5
2465,3418,4
2465,1673,4
2465,1676,4
2465,2640,4
2465,3448,3
2465,246,5
2465,3461,4
2465,2662,4
2465,3468,5
2465,2669,4
2465,3471,5
2465,2670,4
2465,2819,4
2465,260,5
2465,266,3
2465,3623,2
2465,3481,4
2465,2683,4
2465,2686,5
2465,3489,3
2465,2688,3
2465,3634,5
2465,3494,4
2465,3499,5
2465,296,5
2465,3653,4
2465,3654,4
2465,2858,4
2465,2863,4
2465,1127,3
2465,454,3
2465,457,4
2465,3811,4
2465,2871,5
2465,608,5
2465,3681,4
2465,3683,4
2465,2100,4
2465,1304,5
2465,1307,5
2465,1179,5
2465,1183,4
2465,1185,5
2465,1186,5
2465,1188,4
2465,1189,5
2465,3871,5
2465,2132,5
2465,3873,4
2465,1193,5
2465,1196,4
2465,1197,4
2465,1198,4
2465,1343,3
2465,1344,4
2465,3897,4
2465,1358,5
2465,3101,5
2465,2300,5
2465,3104,4
2465,2303,4
2465,2160,4
2465,3111,4
2465,2324,5
2465,1387,5
2465,858,5
2465,1537,4
2465,1391,3
2465,2194,4
2465,866,4
2465,2344,4
2465,3147,3
2465,3148,5
2465,3152,4
2465,2357,5
2465,2501,4
2465,1704,5
2465,3174,4
2465,3176,3
2465,2527,4
2465,110,4
2465,2529,4
2465,111,5
2465,3334,4
2465,2390,5
2465,2396,4
2465,3359,4
2465,3505,4
2465,3362,5
2465,2707,4
2465,3368,5
2465,150,5
2465,151,3
2465,2716,4
2465,1921,4
2465,1923,4
2465,3384,4
2465,318,5
2465,2734,4
2465,1939,5
2465,1797,5
2465,3543,5
2465,3546,5
2465,1944,5
2465,1946,5
2465,1947,5
2465,1948,4
2465,16,3
2465,3551,5
2465,1952,5
2465,1953,5
2465,1955,5
2465,1956,5
2465,1019,4
2465,1957,5
2465,1959,5
2465,21,4
2465,24,2
2465,3702,4
2465,2908,5
2465,1962,5
2465,1028,4
2465,1029,3
2465,356,5
2465,36,5
2465,2917,5
2465,2919,4
2465,1035,4
2465,1036,4
2465,3578,4
2465,3724,5
2465,2780,2
2465,50,5
2465,3730,4
2465,3735,5
2465,2791,4
2465,1994,4
2465,2797,4
2465,527,5
2465,1201,4
2465,1204,5
2465,2944,4
2465,1207,5
2465,2947,4
2465,1208,5
2465,2948,4
2465,2949,4
2465,2015,4
2465,1213,5
2465,1214,4
2465,1219,4
2465,1073,4
2465,541,5
2465,1078,4
2465,1221,5
2465,1222,3
2465,1225,5
2465,2028,5
2465,2966,4
2465,1228,5
2465,1084,4
2465,1089,5
2465,1230,5
2465,1231,4
2465,2971,4
2465,1233,5
2465,2973,4
2465,1090,5
2465,1093,3
2465,1094,5
2465,1097,5
2465,1240,4
2465,1242,5
2465,1247,5
2466,2987,3
2466,1248,5
2466,1249,5
2466,3930,4
2466,3932,3
2466,3937,3
2466,2054,1
2466,1252,4
2466,589,2
2466,3,1
2466,3007,4
2466,1260,5
2466,1261,5
2466,2064,4
2466,1267,5
2466,1270,2
2466,1274,4
2466,748,1
2466,750,5
2466,1284,5
2466,3032,3
2466,3033,2
2466,2232,1
2466,908,5
2466,913,5
2466,924,5
2466,780,2
2466,1603,2
2466,2407,2
2466,3070,2
2466,1617,4
2466,942,5
2466,2428,1
2466,2288,3
2466,2291,4
2466,968,2
2466,2455,3
2466,1653,2
2466,2456,2
2466,3408,2
2466,1673,5
2466,1676,3
2466,2628,2
2466,1827,4
2466,3435,5
2466,1690,2
2466,223,4
2466,2641,1
2466,3450,1
2466,2657,4
2466,246,4
2466,2662,2
2466,2664,4
2466,3471,4
2466,2677,4
2466,1876,1
2466,260,4
2466,266,1
2466,3624,1
2466,3481,5
2466,3638,3
2466,2699,2
2466,293,5
2466,1111,4
2466,2858,4
2466,1127,3
2466,1129,3
2466,608,5
2466,465,2
2466,3683,5
2466,610,2
2466,611,2
2466,1147,4
2466,3697,1
2466,3698,2
2466,3699,2
2466,480,2
2466,481,4
2466,482,4
2466,2105,3
2466,1306,4
2466,2116,2
2466,2117,3
2466,1171,2
2466,1175,4
2466,1179,4
2466,1320,2
2466,3868,2
2466,1327,3
2466,3869,3
2466,804,1
2466,661,4
2466,1196,4
2466,1199,3
2466,2140,3
2466,671,4
2466,1356,3
2466,2160,4
2466,2311,3
2466,1371,3
2466,1372,3
2466,1374,4
2466,1375,2
2466,1376,1
2466,1527,1
2466,2186,5
2466,1391,1
2466,3148,1
2466,1544,2
2466,3160,5
2466,2365,1
2466,891,1
2466,3173,1
2466,1573,4
2466,2377,3
2466,3181,2
2466,2525,2
2466,2527,3
2466,2528,3
2466,1580,1
2466,110,1
2466,2529,5
2466,1584,1
2466,2530,3
2466,2531,3
2466,3334,4
2466,2532,3
2466,2533,4
2466,3190,1
2466,1748,4
2466,3354,1
2466,144,2
2466,3503,3
2466,3364,5
2466,1762,1
2466,1909,3
2466,3515,3
2466,2571,4
2466,162,4
2466,2722,1
2466,1921,4
2466,3527,4
2466,2726,5
2466,1783,2
2466,316,3
2466,3534,1
2466,3535,5
2466,198,3
2466,29,4
2466,3701,3
2466,3702,3
2466,3703,2
2466,3704,3
2466,3706,4
2466,1961,3
2466,3566,2
2466,1965,4
2466,1969,1
2466,32,4
2466,2916,3
2466,1970,1
2466,1971,1
2466,3576,3
2466,1972,1
2466,1035,1
2466,1973,1
2466,3578,4
2466,1037,2
2466,1976,1
2466,1977,1
2466,366,1
2466,512,1
2466,1986,1
2466,370,3
2466,2791,4
2466,2792,2
2466,1200,5
2466,1206,5
2466,2009,2
2466,2948,4
2466,70,4
2466,538,4
2466,2010,4
2466,2011,1
2466,1210,2
2466,3753,1
2466,1214,4
2466,1215,3
2466,1216,3
2466,541,4
2466,1077,3
2466,2021,3
2466,2028,2
2466,2968,4
2466,551,4
2466,3917,3
2466,2034,2
2466,1090,5
2466,707,1
2466,1097,3
2466,3920,4
2466,1240,4
2466,2985,4
2467,3793,5
2467,589,5
2467,902,2
2467,2628,4
2467,212,3
2467,216,5
2467,246,5
2467,260,5
2467,2683,5
2467,2694,4
2467,1196,5
2467,1198,5
2467,810,3
2467,2167,5
2467,2366,5
2467,104,4
2467,3327,5
2467,3511,5
2467,2716,5
2467,2717,4
2467,48,3
2467,1210,5
2468,571,4
2468,577,3
2468,589,5
2468,1,3
2468,7,5
2468,1265,4
2468,590,5
2468,592,4
2468,593,5
2468,595,3
2468,1271,5
2468,1272,4
2468,1419,4
2468,1275,4
2468,1278,4
2468,2082,3
2468,3032,5
2468,3037,4
2468,1291,5
2468,1294,4
2468,2406,4
2468,1610,4
2468,2414,4
2468,2421,4
2468,2422,4
2468,2424,4
2468,955,3
2468,2291,4
2468,2294,3
2468,3244,4
2468,1643,5
2468,1653,5
2468,3259,5
2468,3260,4
2468,2628,4
2468,2641,4
2468,260,5
2468,272,5
2468,281,3
2468,1101,4
2468,440,4
2468,454,4
2468,457,4
2468,3671,4
2468,2871,2
2468,2872,4
2468,1136,4
2468,2877,5
2468,2885,4
2468,3836,4
2468,480,5
2468,2105,4
2468,2109,4
2468,2115,4
2468,2116,4
2468,2125,3
2468,1183,4
2468,2137,3
2468,3877,4
2468,1193,4
2468,1196,5
2468,1197,5
2468,1198,4
2468,678,1
2468,1350,4
2468,3100,5
2468,3105,4
2468,3114,4
2468,1374,4
2468,1376,4
2468,1380,5
2468,1527,5
2468,858,4
2468,1704,5
2468,892,3
2468,1721,5
2468,2527,4
2468,1580,5
2468,111,4
2468,1584,4
2468,2393,4
2468,2396,5
2468,1909,5
2468,150,4
2468,151,4
2468,2571,5
2468,3527,4
2468,318,5
2468,3536,5
2468,3396,3
2468,195,4
2468,1955,5
2468,3702,4
2468,1964,4
2468,356,5
2468,34,4
2468,36,5
2468,1030,5
2468,2916,5
2468,1036,4
2468,2779,4
2468,508,4
2468,41,4
2468,364,5
2468,58,5
2468,1997,4
2468,527,5
2468,529,4
2468,62,5
2468,1200,5
2468,1206,4
2468,2009,5
2468,539,5
2468,1210,5
2468,2013,3
2468,1214,5
2468,1073,3
2468,1221,4
2468,2028,5
2468,2034,4
2468,1234,4
2468,1240,5
2468,1242,5
2468,2045,4
2468,2985,4
2469,2997,3
2469,589,4
2469,908,5
2469,1441,2
2469,913,4
2469,785,4
2469,969,5
2469,3264,3
2469,2611,3
2469,223,3
2469,3298,3
2469,260,5
2469,2826,5
2469,2683,5
2469,1127,3
2469,1304,3
2469,1197,5
2469,1198,5
2469,818,2
2469,1387,5
2469,858,5
2469,2333,2
2469,2336,3
2469,2355,5
2469,3159,3
2469,3160,5
2469,3175,5
2469,3179,3
2469,110,3
2469,111,5
2469,3354,1
2469,2706,3
2469,2710,3
2469,2712,3
2469,2713,2
2469,2716,4
2469,2580,3
2469,2599,4
2469,1953,4
2469,3702,4
2469,2761,4
2469,2908,5
2469,3717,2
2469,2772,3
2469,1036,4
2469,3578,3
2469,1200,5
2469,3754,1
2469,1214,5
2469,2019,5
2469,1218,3
2469,2959,2
2469,1221,4
2469,1222,5
2469,2028,2
2469,2041,5
2469,1240,5
2469,1242,5
2470,2,4
2470,733,4
2470,593,4
2470,788,2
2470,2617,2
2470,2471,3
2470,2622,3
2470,1894,1
2470,648,2
2470,1193,5
2470,2145,3
2470,1552,4
2470,111,3
2470,1917,3
2470,10,4
2470,349,4
2470,367,4
2470,1049,3
2470,380,3
2470,3916,5
2470,3926,4
2470,3927,3
2470,3928,4
2471,1259,2
2471,589,4
2471,1265,3
2471,1270,4
2471,1284,4
2471,908,5
2471,912,5
2471,915,3
2471,933,5
2471,969,5
2471,2455,2
2471,3408,4
2471,2613,3
2471,2657,1
2471,247,4
2471,266,3
2471,293,2
2471,2858,5
2471,608,5
2471,480,4
2471,481,2
2471,3868,1
2471,3869,1
2471,2160,1
2471,1544,3
2471,3160,3
2471,899,4
2471,1580,3
2471,110,3
2471,3186,4
2471,3368,5
2471,1912,3
2471,1035,2
2471,3579,2
2471,524,2
2471,70,2
2471,1242,3
2472,2987,4
2472,2989,3
2472,1250,5
2472,2991,3
2472,2054,3
2472,2993,3
2472,1257,4
2472,2997,3
2472,588,3
2472,589,4
2472,1407,2
2472,1263,5
2472,2067,4
2472,1265,5
2472,1268,3
2472,590,4
2472,593,5
2472,597,3
2472,1270,4
2472,2078,3
2472,1276,4
2472,1278,3
2472,2085,4
2472,750,4
2472,1285,3
2472,1288,5
2472,3039,5
2472,1291,3
2472,904,4
2472,1297,3
2472,1298,4
2472,919,4
2472,778,4
2472,3052,4
2472,920,3
2472,923,3
2472,785,5
2472,3203,3
2472,2404,2
2472,2262,3
2472,1461,3
2472,2268,5
2472,3210,4
2472,1610,3
2472,3219,4
2472,1615,3
2472,1617,5
2472,1476,4
2472,949,3
2472,954,3
2472,2291,3
2472,1639,4
2472,1641,3
2472,1645,3
2472,3250,4
2472,3252,5
2472,3254,3
2472,3255,2
2472,2455,3
2472,3261,4
2472,1663,4
2472,2474,3
2472,1673,5
2472,1676,2
2472,3421,5
2472,3424,5
2472,1824,3
2472,2628,4
2472,3430,2
2472,1693,3
2472,223,4
2472,1694,3
2472,224,3
2472,2648,2
2472,235,4
2472,1856,3
2472,2659,3
2472,246,5
2472,2804,4
2472,3608,4
2472,3468,3
2472,3471,4
2472,3476,3
2472,260,5
2472,3481,3
2472,2683,3
2472,1883,4
2472,2688,3
2472,3633,3
2472,3635,3
2472,3638,3
2472,3639,3
2472,2694,3
2472,3498,4
2472,3499,4
2472,2699,3
2472,288,3
2472,1101,3
2472,1103,3
2472,1104,4
2472,296,5
2472,2858,5
2472,440,3
2472,1120,4
2472,1125,5
2472,1127,4
2472,2867,3
2472,454,4
2472,3812,4
2472,3671,5
2472,1130,3
2472,2871,4
2472,1135,4
2472,1136,5
2472,608,4
2472,3683,4
2472,610,3
2472,3686,3
2472,1302,3
2472,2108,2
2472,2115,3
2472,2118,4
2472,1321,5
2472,3868,5
2472,1186,3
2472,802,2
2472,1191,2
2472,805,4
2472,1339,4
2472,1193,5
2472,662,3
2472,1196,5
2472,1198,5
2472,2144,4
2472,1343,4
2472,1345,3
2472,1346,3
2472,1347,3
2472,2150,4
2472,3101,5
2472,2301,5
2472,2302,3
2472,1500,2
2472,2160,4
2472,832,4
2472,695,3
2472,2313,3
2472,1513,3
2472,1517,4
2472,2174,3
2472,1374,3
2472,2321,3
2472,1380,5
2472,852,3
2472,1387,3
2472,858,5
2472,3135,4
2472,2194,4
2472,1393,3
2472,1394,5
2472,3147,3
2472,2501,3
2472,2502,4
2472,1704,5
2472,2369,2
2472,2513,2
2472,3173,3
2472,2371,4
2472,3174,4
2472,3176,3
2472,1573,3
2472,104,3
2472,105,3
2472,1721,3
2472,1580,4
2472,110,5
2472,2529,5
2472,111,4
2472,1584,4
2472,3189,2
2472,1732,4
2472,2392,1
2472,2395,4
2472,3198,3
2472,3359,4
2472,141,5
2472,2700,4
2472,3505,3
2472,3360,4
2472,3361,4
2472,2706,3
2472,2560,3
2472,3363,5
2472,2707,4
2472,150,4
2472,2710,3
2472,2712,4
2472,1911,3
2472,2716,4
2472,300,4
2472,1918,2
2472,1777,3
2472,1923,4
2472,3386,5
2472,1784,5
2472,318,5
2472,3534,3
2472,3396,4
2472,180,4
2472,11,3
2472,14,3
2472,16,4
2472,3551,3
2472,3552,5
2472,3555,3
2472,1953,5
2472,1954,4
2472,1955,4
2472,21,5
2472,22,3
2472,25,4
2472,348,4
2472,3702,2
2472,2900,2
2472,3703,1
2472,3706,3
2472,1020,3
2472,2762,4
2472,1961,4
2472,1968,5
2472,353,2
2472,32,1
2472,356,5
2472,3712,4
2472,2916,2
2472,2770,4
2472,2918,3
2472,500,3
2472,1036,2
2472,3578,4
2472,2779,3
2472,508,4
2472,509,3
2472,364,3
2472,1042,4
2472,1982,4
2472,50,4
2472,377,2
2472,3591,3
2472,2791,5
2472,2795,5
2472,380,3
2472,1997,5
2472,527,3
2472,62,5
2472,2000,2
2472,2001,2
2472,1200,4
2472,1204,4
2472,2947,3
2472,1208,4
2472,2948,3
2472,2949,3
2472,70,3
2472,2011,3
2472,3753,4
2472,1213,5
2472,1214,4
2472,1219,4
2472,1073,3
2472,2959,2
2472,1079,5
2472,1220,4
2472,1221,5
2472,1222,5
2472,1225,5
2472,2028,5
2472,1080,4
2472,551,4
2472,555,3
2472,1089,4
2472,3917,2
2472,1234,5
2472,1092,3
2472,1093,3
2472,1094,3
2472,1095,4
2472,1097,3
2472,2985,3
2472,1246,4
2473,2989,3
2473,589,5
2473,1408,4
2473,3952,5
2473,1287,5
2473,3408,4
2473,3267,5
2473,1673,3
2473,3624,4
2473,293,4
2473,2858,4
2473,608,5
2473,3827,4
2473,480,4
2473,482,3
2473,3864,5
2473,3868,4
2473,3869,3
2473,3897,4
2473,3101,2
2473,1544,3
2473,3173,4
2473,110,5
2473,2529,5
2473,2530,3
2473,2531,3
2473,2532,3
2473,2533,3
2473,3555,4
2473,1965,4
2473,370,3
2473,2791,5
2473,2948,4
2473,70,4
2473,3753,4
2473,3916,4
2473,3917,1
2473,1090,4
2474,1252,5
2474,1259,5
2474,589,5
2474,3948,4
2474,1290,3
2474,1617,5
2474,2621,4
2474,266,4
2474,3484,4
2474,2858,5
2474,608,4
2474,482,3
2474,3871,4
2474,1193,4
2474,2160,4
2474,1387,5
2474,2193,2
2474,3147,5
2474,3160,4
2474,110,5
2474,111,4
2474,2716,4
2474,2571,5
2474,356,5
2474,1975,2
2474,47,5
2474,50,5
2474,1997,5
2474,3753,5
2474,1214,3
2474,1219,5
2474,1090,4
2475,3932,4
2475,1258,4
2475,1407,4
2475,1278,4
2475,1291,5
2475,799,2
2475,2288,5
2475,2454,5
2475,2639,4
2475,2644,5
2475,2653,5
2475,2654,5
2475,2657,5
2475,253,5
2475,3499,3
2475,1130,3
2475,2899,3
2475,1321,4
2475,1340,5
2475,1345,4
2475,2160,5
2475,1387,5
2475,2527,3
2475,2550,2
2475,2716,3
2475,2583,2
2475,1968,5
2475,3727,1
2475,2782,5
2475,1982,5
2475,2785,3
2475,1997,5
2475,1210,5
2475,1214,5
2475,1215,4
2475,1219,5
2475,3785,3
2476,1250,5
2476,1259,5
2476,2202,4
2476,1263,4
2476,2067,4
2476,593,5
2476,3011,4
2476,1276,4
2476,1296,5
2476,908,5
2476,912,4
2476,924,4
2476,3067,3
2476,954,5
2476,3095,5
2476,3260,5
2476,2611,5
2476,2612,3
2476,213,4
2476,235,3
2476,3471,5
2476,1880,3
2476,272,3
2476,3498,4
2476,1104,5
2476,296,5
2476,2858,3
2476,3801,5
2476,1132,5
2476,608,5
2476,1300,4
2476,1185,5
2476,1339,1
2476,1193,4
2476,1196,3
2476,1362,4
2476,858,4
2476,3135,5
2476,3148,5
2476,1554,3
2476,111,4
2476,3504,3
2476,3363,5
2476,150,4
2476,2732,5
2476,321,4
2476,1955,5
2476,1956,5
2476,1957,5
2476,1964,4
2476,356,5
2476,1046,3
2476,3735,4
2476,1210,2
2476,2020,4
2476,1228,4
2476,1233,5
2476,1235,3
2476,1094,4
2476,3788,4
2476,1247,5
2477,1248,4
2477,1254,5
2477,1256,5
2477,3005,4
2477,593,5
2477,2070,5
2477,750,5
2477,2236,5
2477,902,5
2477,904,4
2477,908,5
2477,910,5
2477,911,5
2477,912,5
2477,913,5
2477,919,5
2477,922,5
2477,923,5
2477,3062,3
2477,969,5
2477,3408,4
2477,2622,4
2477,2648,4
2477,2805,4
2477,2688,4
2477,2863,4
2477,1124,5
2477,3811,5
2477,608,5
2477,480,3
2477,1196,4
2477,2324,3
2477,858,5
2477,2336,4
2477,3148,4
2477,3163,5
2477,897,5
2477,898,5
2477,899,5
2477,3175,4
2477,1721,4
2477,3189,5
2477,2396,5
2477,3363,5
2477,2724,3
2477,3543,4
2477,1951,5
2477,1952,4
2477,1959,5
2477,3565,4
2477,2763,3
2477,3578,4
2477,527,5
2477,1207,5
2477,2013,3
2477,1212,5
2477,1221,4
2477,1230,4
2477,1090,5
2477,1097,5
2477,1247,5
2478,2987,3
2478,1248,4
2478,3932,3
2478,1250,4
2478,1251,3
2478,3793,2
2478,2991,3
2478,1252,4
2478,1253,4
2478,2993,4
2478,1254,3
2478,2997,4
2478,1258,4
2478,588,3
2478,589,3
2478,1,3
2478,2203,4
2478,2208,3
2478,1263,3
2478,2067,5
2478,1265,4
2478,1266,3
2478,1267,3
2478,593,3
2478,594,4
2478,599,4
2478,3011,4
2478,1270,3
2478,1272,5
2478,1276,4
2478,1278,4
2478,3022,3
2478,1282,4
2478,1283,4
2478,750,5
2478,1284,3
2478,2087,3
2478,1287,4
2478,3032,3
2478,3035,4
2478,3037,4
2478,900,2
2478,902,3
2478,903,4
2478,1291,4
2478,904,5
2478,1292,3
2478,1293,4
2478,906,3
2478,1294,4
2478,908,5
2478,910,3
2478,911,3
2478,912,4
2478,913,4
2478,916,3
2478,919,4
2478,778,2
2478,920,3
2478,923,5
2478,924,5
2478,780,2
2478,926,3
2478,928,3
2478,929,3
2478,3201,4
2478,3061,4
2478,3062,4
2478,2406,4
2478,3066,5
2478,930,3
2478,2268,4
2478,1617,4
2478,940,4
2478,945,3
2478,946,4
2478,947,3
2478,1625,4
2478,951,3
2478,2287,4
2478,953,4
2478,3095,4
2478,2294,3
2478,965,3
2478,978,3
2478,2455,3
2478,982,3
2478,1663,4
2478,2467,3
2478,1810,4
2478,2617,3
2478,1676,2
2478,3421,3
2478,2628,4
2478,1682,3
2478,3435,4
2478,3296,3
2478,2640,3
2478,3448,3
2478,2648,3
2478,3451,4
2478,247,3
2478,3600,3
2478,3606,3
2478,2804,3
2478,2662,4
2478,2664,4
2478,3468,4
2478,3469,4
2478,2669,4
2478,3471,4
2478,260,5
2478,272,4
2478,3633,3
2478,3634,5
2478,3635,3
2478,1894,3
2478,2840,3
2478,1103,3
2478,296,4
2478,2857,3
2478,2863,5
2478,2865,2
2478,3668,4
2478,2866,3
2478,457,3
2478,3811,4
2478,3814,4
2478,3671,3
2478,2871,4
2478,1136,3
2478,608,4
2478,474,3
2478,3836,3
2478,2890,2
2478,480,2
2478,1304,5
2478,1307,3
2478,2116,2
2478,1178,4
2478,1183,3
2478,3871,3
2478,2132,5
2478,3873,3
2478,1333,4
2478,1337,3
2478,1193,4
2478,1196,5
2478,1198,5
2478,1199,3
2478,1340,3
2478,1350,2
2478,1356,4
2478,3101,3
2478,2303,3
2478,2160,4
2478,1374,4
2478,2180,4
2478,2183,4
2478,2186,4
2478,1387,3
2478,858,5
2478,3147,3
2478,3152,4
2478,2501,4
2478,1704,4
2478,3168,5
2478,2366,3
2478,898,2
2478,899,3
2478,3175,3
2478,105,3
2478,1721,3
2478,1725,4
2478,1580,3
2478,110,3
2478,2529,3
2478,111,4
2478,1729,4
2478,1584,1
2478,3334,4
2478,2393,4
2478,3196,4
2478,2398,4
2478,1747,3
2478,3359,3
2478,3504,4
2478,3507,3
2478,3362,4
2478,3363,5
2478,3365,3
2478,1909,3
2478,150,3
2478,154,2
2478,1913,3
2478,2716,3
2478,300,4
2478,3379,4
2478,161,3
2478,2728,5
2478,1927,3
2478,3386,4
2478,318,3
2478,2730,4
2478,2739,3
2478,1938,4
2478,1939,3
2478,329,4
2478,3545,3
2478,1944,4
2478,1945,3
2478,1947,2
2478,1949,5
2478,11,3
2478,14,4
2478,3551,3
2478,1950,5
2478,1952,4
2478,1953,4
2478,1954,3
2478,1956,4
2478,1019,3
2478,1957,4
2478,3702,3
2478,3703,3
2478,2762,3
2478,1029,3
2478,356,3
2478,34,3
2478,36,3
2478,2916,3
2478,2917,3
2478,1035,3
2478,3578,4
2478,377,3
2478,3730,4
2478,2936,3
2478,2937,3
2478,2791,4
2478,2794,3
2478,1997,3
2478,527,4
2478,3741,4
2478,3742,3
2478,1203,5
2478,1204,4
2478,2944,4
2478,1206,4
2478,2946,4
2478,2947,5
2478,1208,4
2478,2948,5
2478,1209,3
2478,2949,4
2478,1068,4
2478,1210,4
2478,1211,2
2478,3753,3
2478,1212,4
2478,1213,5
2478,3755,3
2478,1214,4
2478,2019,3
2478,1219,4
2478,541,4
2478,1077,4
2478,1220,3
2478,1221,5
2478,1225,4
2478,2028,5
2478,1227,4
2478,1228,3
2478,2968,3
2478,1083,4
2478,1084,4
2478,1230,4
2478,1233,4
2478,1234,4
2478,1237,3
2478,1094,4
2478,1096,3
2478,1097,3
2478,3927,3
2478,1240,4
2478,1244,4
2478,3788,4
2478,1247,5
2479,3793,3
2479,1258,5
2479,2,2
2479,1407,4
2479,1278,4
2479,924,5
2479,1617,5
2479,1645,4
2479,2617,2
2479,2622,5
2479,2657,4
2479,3476,4
2479,3479,4
2479,260,4
2479,3499,4
2479,2867,3
2479,480,3
2479,1321,3
2479,653,2
2479,1339,4
2479,1197,5
2479,2571,3
2479,1777,4
2479,188,4
2479,1982,3
2479,1994,3
2479,527,5
2479,1206,5
2479,2951,4
2479,1214,4
2479,1219,5
2479,2028,5
2479,1240,3
2480,2987,4
2480,3793,5
2480,589,5
2480,1261,2
2480,1284,5
2480,912,5
2480,913,5
2480,920,4
2480,3081,4
2480,2291,4
2480,968,5
2480,1654,3
2480,2622,4
2480,223,5
2480,2657,5
2480,242,3
2480,3623,4
2480,3481,4
2480,2683,3
2480,2692,3
2480,293,5
2480,444,2
2480,480,3
2480,3863,3
2480,2160,4
2480,2355,3
2480,3159,3
2480,3175,3
2480,3328,5
2480,1580,4
2480,2394,3
2480,2396,4
2480,2700,5
2480,2701,3
2480,3512,3
2480,2710,4
2480,2716,5
2480,2723,4
2480,2581,3
2480,314,5
2480,2734,2
2480,1968,5
2480,1035,3
2480,2959,4
2480,2033,4
2481,1250,5
2481,1252,4
2481,1254,5
2481,1257,4
2481,1258,4
2481,1262,5
2481,1265,3
2481,1269,4
2481,593,5
2481,594,3
2481,1270,4
2481,1272,5
2481,1278,4
2481,2083,4
2481,2085,3
2481,750,5
2481,1284,4
2481,3035,5
2481,3037,2
2481,3039,4
2481,903,4
2481,1292,1
2481,1294,5
2481,3044,4
2481,912,5
2481,913,5
2481,919,4
2481,920,5
2481,923,5
2481,3061,4
2481,3068,4
2481,3072,2
2481,1617,4
2481,2423,4
2481,950,4
2481,953,4
2481,3095,5
2481,969,3
2481,3253,4
2481,3260,4
2481,3421,5
2481,223,4
2481,246,4
2481,3468,4
2481,3469,5
2481,3471,4
2481,2670,3
2481,2819,4
2481,260,5
2481,3481,4
2481,1104,5
2481,3654,4
2481,440,4
2481,457,2
2481,3814,4
2481,3671,4
2481,2871,5
2481,608,3
2481,3681,4
2481,3685,2
2481,3836,4
2481,2100,4
2481,1303,4
2481,1304,4
2481,2108,4
2481,1307,3
2481,2119,1
2481,1186,2
2481,3873,5
2481,1333,5
2481,1193,5
2481,1197,4
2481,1198,5
2481,2300,5
2481,2174,4
2481,2321,4
2481,2352,5
2481,2355,4
2481,2502,2
2481,899,5
2481,3175,3
2481,1721,2
2481,111,1
2481,2384,3
2481,2398,5
2481,3358,1
2481,3360,3
2481,3507,5
2481,3361,5
2481,2716,4
2481,1919,3
2481,3526,4
2481,1923,5
2481,2728,4
2481,3396,5
2481,2746,4
2481,1947,5
2481,3551,5
2481,3552,4
2481,1957,2
2481,3702,3
2481,1962,3
2481,1963,5
2481,1965,2
2481,1968,4
2481,357,3
2481,2918,4
2481,1036,3
2481,515,4
2481,3733,4
2481,2797,3
2481,1201,4
2481,1203,5
2481,1204,5
2481,2944,5
2481,2947,4
2481,2949,4
2481,1214,4
2481,2018,4
2481,1219,5
2481,1077,4
2481,1079,5
2481,1220,5
2481,1221,5
2481,1225,4
2481,2028,3
2481,1084,4
2481,1230,4
2481,2033,2
2481,1231,5
2481,1094,1
2481,1240,3
2482,1270,3
2482,1272,4
2482,902,5
2482,1459,3
2482,3206,3
2482,1608,5
2482,969,5
2482,3408,3
2482,1694,3
2482,3478,4
2482,405,1
2482,410,1
2482,2858,5
2482,3824,3
2482,3841,3
2482,3107,3
2482,1517,1
2482,1541,4
2482,3155,5
2482,1569,4
2482,3179,3
2482,105,5
2482,2539,3
2482,150,4
2482,1784,3
2482,318,5
2482,11,5
2482,34,3
2482,37,5
2482,3578,5
2482,2791,2
2482,1208,4
2482,3753,5
2482,2015,2
2482,1214,1
2482,1225,4
2482,2967,4
2482,1230,2
2483,1248,4
2483,1250,5
2483,589,4
2483,1283,5
2483,2087,4
2483,1287,5
2483,3035,5
2483,900,4
2483,3038,3
2483,903,5
2483,904,4
2483,908,5
2483,910,4
2483,932,3
2483,933,4
2483,2269,4
2483,3076,4
2483,948,2
2483,949,4
2483,3088,3
2483,2287,2
2483,952,3
2483,969,5
2483,971,5
2483,2454,3
2483,982,2
2483,3405,4
2483,3406,5
2483,2662,4
2483,2669,5
2483,2670,5
2483,2826,4
2483,2699,3
2483,1103,4
2483,1104,5
2483,3801,5
2483,3675,3
2483,480,5
2483,1301,4
2483,1178,5
2483,3871,4
2483,3872,3
2483,1196,4
2483,3101,3
2483,2183,4
2483,2184,4
2483,2363,1
2483,3196,5
2483,3362,3
2483,2706,3
2483,3368,3
2483,3516,2
2483,3375,2
2483,3379,5
2483,3548,4
2483,3549,5
2483,1945,5
2483,1946,5
2483,1012,1
2483,1019,5
2483,3585,4
2483,2941,5
2483,1203,5
2483,2019,5
2483,2959,2
2483,1226,4
2483,2967,3
2483,1085,4
2483,1086,4
2483,1237,4
2484,2987,5
2484,3932,3
2484,3937,3
2484,1250,5
2484,3793,5
2484,1252,3
2484,2055,3
2484,1253,3
2484,2058,5
2484,1256,3
2484,3798,4
2484,1257,3
2484,1259,4
2484,586,5
2484,587,5
2484,588,4
2484,589,4
2484,1,5
2484,3005,4
2484,6,3
2484,7,3
2484,3948,4
2484,1407,3
2484,1408,4
2484,1262,4
2484,1263,3
2484,2067,3
2484,1265,5
2484,1266,5
2484,733,4
2484,1269,4
2484,590,3
2484,595,4
2484,597,4
2484,599,1
2484,3016,1
2484,1414,4
2484,1270,5
2484,1271,4
2484,1272,4
2484,2076,2
2484,1276,3
2484,3025,2
2484,2080,4
2484,2081,4
2484,1425,4
2484,2082,3
2484,1283,5
2484,750,3
2484,1284,2
2484,1285,2
2484,3033,3
2484,3035,4
2484,3037,2
2484,3039,3
2484,2237,3
2484,1291,4
2484,1292,2
2484,1294,4
2484,908,4
2484,1297,3
2484,1299,3
2484,3040,3
2484,2243,2
2484,1441,3
2484,2245,2
2484,911,4
2484,1445,3
2484,912,4
2484,2248,3
2484,913,4
2484,2249,4
2484,914,3
2484,919,5
2484,3052,3
2484,2250,2
2484,2252,2
2484,920,5
2484,921,2
2484,2257,2
2484,923,3
2484,2259,3
2484,924,1
2484,780,5
2484,785,1
2484,788,4
2484,3200,1
2484,3201,3
2484,3203,4
2484,2401,4
2484,2402,3
2484,2404,3
2484,3061,4
2484,3062,4
2484,2406,4
2484,2407,3
2484,2261,3
2484,3066,3
2484,930,3
2484,2268,4
2484,933,4
2484,934,4
2484,799,3
2484,3210,3
2484,3070,1
2484,3071,4
2484,3072,4
2484,2416,3
2484,3219,3
2484,3074,3
2484,2418,2
2484,1616,3
2484,2273,4
2484,1617,4
2484,940,4
2484,1476,3
2484,1479,3
2484,3225,4
2484,2423,5
2484,2424,5
2484,3081,4
2484,2427,2
2484,2428,3
2484,3086,2
2484,3087,4
2484,951,4
2484,1485,4
2484,2288,4
2484,953,3
2484,954,4
2484,955,3
2484,956,3
2484,2433,3
2484,3238,1
2484,2291,1
2484,3098,4
2484,3099,2
2484,964,4
2484,969,3
2484,3244,4
2484,1641,3
2484,3247,4
2484,2447,3
2484,971,3
2484,3253,4
2484,3254,3
2484,3256,4
2484,2459,1
2484,986,2
2484,2605,4
2484,3409,4
2484,3263,4
2484,1806,2
2484,2463,2
2484,1663,3
2484,2469,4
2484,996,2
2484,3270,4
2484,3271,3
2484,2470,4
2484,1672,3
2484,2476,3
2484,2478,4
2484,1676,3
2484,3421,5
2484,3424,2
2484,1680,4
2484,1682,3
2484,212,2
2484,2485,3
2484,216,1
2484,2490,3
2484,2491,2
2484,2496,4
2484,3441,3
2484,3448,4
2484,1845,3
2484,235,3
2484,3451,4
2484,2652,2
2484,2657,2
2484,246,3
2484,2804,4
2484,2805,4
2484,3608,4
2484,2662,3
2484,2664,4
2484,1863,3
2484,2669,5
2484,3614,4
2484,2815,3
2484,2816,2
2484,2670,4
2484,2817,2
2484,2671,4
2484,2672,4
2484,1874,2
2484,1875,1
2484,260,5
2484,266,3
2484,3623,4
2484,3481,3
2484,3628,3
2484,2827,3
2484,2828,3
2484,2683,3
2484,3487,3
2484,2688,3
2484,416,2
2484,1888,3
2484,3639,3
2484,2694,4
2484,3498,4
2484,1895,3
2484,2699,3
2484,3642,3
2484,2840,4
2484,2841,4
2484,3644,4
2484,432,3
2484,3654,4
2484,2856,4
2484,2858,3
2484,440,3
2484,441,3
2484,445,3
2484,3801,3
2484,3809,4
2484,2861,4
2484,2863,3
2484,1125,4
2484,1127,4
2484,453,3
2484,457,4
2484,458,2
2484,3671,3
2484,605,4
2484,466,3
2484,468,2
2484,3681,5
2484,2881,4
2484,2883,4
2484,2888,3
2484,2889,4
2484,473,3
2484,3836,4
2484,2890,4
2484,480,4
2484,487,2
2484,2100,4
2484,2105,2
2484,2106,3
2484,1304,5
2484,2108,3
2484,2109,4
2484,1307,4
2484,497,2
2484,2110,3
2484,647,3
2484,2124,3
2484,2125,4
2484,3868,3
2484,3869,3
2484,1183,3
2484,2130,1
2484,3871,5
2484,2133,4
2484,3873,3
2484,2134,4
2484,1333,3
2484,2136,4
2484,804,3
2484,805,4
2484,1193,4
2484,1196,5
2484,1197,4
2484,1198,5
2484,2141,4
2484,2144,4
2484,2146,5
2484,2147,1
2484,1345,2
2484,1347,2
2484,1356,2
2484,1358,3
2484,688,2
2484,3104,4
2484,2302,5
2484,2167,2
2484,2169,3
2484,2310,4
2484,3113,4
2484,3114,5
2484,2312,3
2484,1513,3
2484,1370,4
2484,2174,4
2484,1374,4
2484,1378,4
2484,1379,3
2484,3122,3
2484,2321,5
2484,2322,2
2484,1380,5
2484,852,4
2484,1387,5
2484,858,2
2484,2336,3
2484,1391,2
2484,2194,4
2484,1394,3
2484,1395,2
2484,1396,3
2484,1541,3
2484,3147,4
2484,2352,3
2484,2353,4
2484,3157,3
2484,3300,4
2484,3301,3
2484,2501,3
2484,3308,2
2484,2506,4
2484,2369,2
2484,1569,4
2484,898,4
2484,899,5
2484,1711,1
2484,1713,3
2484,2371,3
2484,3174,5
2484,2518,3
2484,3175,4
2484,3176,1
2484,3177,3
2484,1573,4
2484,104,4
2484,107,3
2484,1721,5
2484,1722,3
2484,2527,5
2484,1580,4
2484,110,3
2484,111,3
2484,119,2
2484,3334,3
2484,3194,4
2484,2392,3
2484,2539,3
2484,2394,4
2484,122,3
2484,2396,4
2484,2398,4
2484,2541,2
2484,1747,2
2484,3354,3
2484,2555,3
2484,1753,1
2484,3358,2
2484,141,3
2484,144,4
2484,3501,4
2484,2701,3
2484,3505,2
2484,3506,3
2484,3360,5
2484,3361,5
2484,3508,5
2484,3362,3
2484,2706,4
2484,3363,4
2484,2707,4
2484,3365,5
2484,2709,3
2484,3366,3
2484,3367,4
2484,2567,3
2484,2568,3
2484,157,2
2484,3510,5
2484,3512,4
2484,2710,2
2484,2712,2
2484,2713,4
2484,1911,3
2484,1912,3
2484,2716,5
2484,3519,3
2484,2571,4
2484,2572,4
2484,2719,3
2484,2574,2
2484,1918,4
2484,1777,4
2484,163,2
2484,2720,3
2484,2722,4
2484,1920,3
2484,3525,4
2484,2723,2
2484,3526,3
2484,2724,4
2484,3527,4
2484,1923,4
2484,1924,2
2484,2581,4
2484,1927,2
2484,1784,5
2484,318,5
2484,2734,2
2484,1937,4
2484,3396,4
2484,1939,2
2484,3398,3
2484,2598,4
2484,2599,3
2484,3543,3
2484,2746,2
2484,1007,4
2484,2747,2
2484,1008,3
2484,11,4
2484,337,4
2484,17,3
2484,3551,3
2484,3552,3
2484,2752,3
2484,1950,4
2484,1952,2
2484,1017,3
2484,1957,3
2484,1959,2
2484,21,5
2484,3703,3
2484,1020,3
2484,1021,3
2484,2761,4
2484,3564,3
2484,2762,5
2484,1960,3
2484,2763,4
2484,1961,5
2484,1965,2
2484,1028,3
2484,1968,4
2484,32,3
2484,356,5
2484,34,3
2484,357,5
2484,39,3
2484,3712,2
2484,2915,3
2484,2916,4
2484,2770,3
2484,2918,4
2484,1970,3
2484,500,4
2484,2919,2
2484,1034,1
2484,3576,3
2484,1036,5
2484,3578,5
2484,2779,2
2484,367,3
2484,368,5
2484,47,3
2484,2921,5
2484,2922,5
2484,3728,1
2484,513,4
2484,514,4
2484,52,2
2484,377,4
2484,3591,4
2484,3593,2
2484,2791,3
2484,520,3
2484,1994,3
2484,2797,5
2484,380,4
2484,527,5
2484,383,3
2484,69,3
2484,2000,5
2484,3740,4
2484,2001,5
2484,2002,4
2484,1200,3
2484,2003,3
2484,1201,5
2484,3743,4
2484,1204,3
2484,2944,4
2484,1205,3
2484,1060,3
2484,1207,5
2484,1208,3
2484,2948,3
2484,1209,2
2484,70,3
2484,539,5
2484,2011,4
2484,3751,4
2484,2012,4
2484,1210,5
2484,3752,4
2484,2013,4
2484,3753,5
2484,2951,5
2484,3754,4
2484,2015,4
2484,1213,1
2484,2016,3
2484,1214,5
2484,1215,3
2484,1073,3
2484,541,4
2484,543,2
2484,546,2
2484,2020,1
2484,1220,3
2484,2961,3
2484,1222,3
2484,3766,4
2484,3767,3
2484,2028,5
2484,1226,3
2484,3768,3
2484,1081,3
2484,1084,3
2484,552,4
2484,553,5
2484,3916,5
2484,1230,2
2484,1234,5
2484,1235,1
2484,1090,5
2484,1091,4
2484,708,3
2484,1097,3
2484,3926,4
2484,3927,3
2484,1240,5
2484,3928,3
2484,3929,3
2484,1242,5
2484,3788,2
2485,1249,4
2485,3798,3
2485,1259,5
2485,589,4
2485,1,4
2485,3005,4
2485,3006,5
2485,1263,5
2485,1265,3
2485,1268,4
2485,590,4
2485,593,5
2485,1411,4
2485,2070,3
2485,1271,4
2485,1272,4
2485,1280,4
2485,1287,5
2485,1293,4
2485,1299,5
2485,2248,4
2485,919,5
2485,3051,3
2485,3201,4
2485,3203,3
2485,3068,5
2485,2268,5
2485,3214,3
2485,1610,3
2485,3071,4
2485,3219,4
2485,2419,4
2485,1617,3
2485,2433,2
2485,2443,4
2485,3246,4
2485,3250,3
2485,3252,3
2485,2456,4
2485,3260,4
2485,2605,3
2485,3408,5
2485,1661,3
2485,3267,4
2485,2469,2
2485,994,5
2485,1673,3
2485,1674,4
2485,1678,3
2485,3426,4
2485,3285,3
2485,213,3
2485,2490,4
2485,1834,2
2485,223,3
2485,3298,3
2485,3441,1
2485,3448,3
2485,235,3
2485,3450,3
2485,3471,4
2485,2676,4
2485,265,5
2485,266,5
2485,3623,2
2485,2827,3
2485,412,3
2485,2686,3
2485,2688,3
2485,2694,3
2485,3499,4
2485,2699,2
2485,2840,2
2485,2858,4
2485,448,3
2485,1120,3
2485,2861,4
2485,2862,2
2485,457,4
2485,608,3
2485,2881,3
2485,2882,4
2485,474,3
2485,477,4
2485,2890,2
2485,480,5
2485,628,4
2485,2109,3
2485,498,3
2485,1172,5
2485,1179,3
2485,648,5
2485,1327,3
2485,1185,4
2485,800,3
2485,804,4
2485,1339,3
2485,1193,5
2485,661,3
2485,1196,4
2485,1357,4
2485,1358,5
2485,3100,3
2485,2302,4
2485,3105,3
2485,3111,4
2485,2310,5
2485,3114,4
2485,2312,3
2485,3115,4
2485,2313,5
2485,1513,3
2485,2324,5
2485,3128,3
2485,2329,5
2485,852,4
2485,2188,3
2485,2194,3
2485,1393,5
2485,1396,3
2485,866,3
2485,2340,3
2485,3147,5
2485,3148,5
2485,1544,3
2485,2352,5
2485,2355,3
2485,2356,3
2485,882,3
2485,2501,5
2485,1701,3
2485,3160,3
2485,1704,5
2485,2369,2
2485,3173,4
2485,3174,2
2485,3176,3
2485,1719,3
2485,3179,4
2485,3325,1
2485,1721,3
2485,110,4
2485,3185,3
2485,2529,4
2485,111,3
2485,3186,4
2485,1584,4
2485,2387,5
2485,2530,3
2485,2531,3
2485,2532,4
2485,2533,4
2485,2396,4
2485,2399,3
2485,3342,5
2485,3343,2
2485,2546,3
2485,3359,3
2485,144,4
2485,2702,4
2485,2706,4
2485,2707,3
2485,150,5
2485,3510,4
2485,3513,3
2485,2712,2
2485,2716,2
2485,2571,4
2485,300,3
2485,306,3
2485,160,1
2485,307,3
2485,161,3
2485,2722,3
2485,1784,4
2485,318,5
2485,2734,2
2485,2739,4
2485,2599,3
2485,3543,5
2485,337,5
2485,17,3
2485,1953,5
2485,2757,3
2485,1956,4
2485,340,3
2485,1957,4
2485,1959,4
2485,24,5
2485,2906,3
2485,2908,4
2485,2762,4
2485,1960,4
2485,3565,4
2485,2763,4
2485,1961,5
2485,3566,3
2485,1966,3
2485,1968,4
2485,356,3
2485,34,3
2485,357,4
2485,36,5
2485,39,3
2485,3717,3
2485,2919,4
2485,1035,4
2485,3578,4
2485,3579,3
2485,505,3
2485,508,5
2485,3723,4
2485,515,4
2485,50,5
2485,58,4
2485,3591,4
2485,524,5
2485,527,5
2485,529,4
2485,62,5
2485,388,4
2485,2000,5
2485,1060,5
2485,1208,3
2485,538,5
2485,1213,5
2485,1216,3
2485,2959,3
2485,543,3
2485,3906,2
2485,2023,4
2485,1221,5
2485,2961,3
2485,1225,5
2485,2028,4
2485,1228,3
2485,555,4
2485,94,4
2485,95,2
2485,3916,5
2485,1090,4
2485,1093,3
2485,1096,5
2485,1097,4
2485,1243,3
2485,1246,5
2486,1253,5
2486,2997,4
2486,1259,3
2486,2065,4
2486,593,5
2486,1278,5
2486,745,4
2486,1287,4
2486,1288,4
2486,3030,4
2486,1292,4
2486,1293,4
2486,1294,5
2486,908,5
2486,909,5
2486,766,3
2486,910,5
2486,912,4
2486,1449,3
2486,778,3
2486,923,4
2486,926,5
2486,3060,3
2486,1466,3
2486,2427,5
2486,2282,3
2486,951,4
2486,2289,4
2486,3090,5
2486,1639,4
2486,3246,4
2486,1643,3
2486,1672,2
2486,1673,4
2486,1674,2
2486,3424,5
2486,2488,5
2486,223,3
2486,1694,4
2486,235,5
2486,2804,4
2486,3608,3
2486,3462,4
2486,272,3
2486,293,4
2486,296,4
2486,2858,3
2486,1120,3
2486,1125,2
2486,3668,4
2486,2866,3
2486,3671,3
2486,3676,3
2486,608,5
2486,3683,3
2486,1148,4
2486,471,4
2486,2890,5
2486,3699,3
2486,628,3
2486,1300,3
2486,2108,4
2486,2110,3
2486,3868,4
2486,1188,4
2486,1196,4
2486,663,5
2486,2300,4
2486,3108,4
2486,3114,5
2486,2174,3
2486,2321,4
2486,2324,3
2486,3134,4
2486,1392,4
2486,1394,4
2486,2341,4
2486,3160,5
2486,3163,4
2486,3319,3
2486,3174,2
2486,101,2
2486,3176,3
2486,111,5
2486,1729,5
2486,1730,3
2486,2395,4
2486,2396,4
2486,3347,4
2486,2700,4
2486,3504,4
2486,3362,5
2486,150,3
2486,2716,3
2486,300,4
2486,2728,4
2486,2729,3
2486,3386,3
2486,1788,5
2486,318,3
2486,2730,3
2486,2732,4
2486,2596,5
2486,2599,5
2486,1945,5
2486,337,3
2486,17,4
2486,1012,3
2486,1953,4
2486,1957,2
2486,25,4
2486,348,3
2486,2908,4
2486,1962,2
2486,1965,4
2486,39,3
2486,2918,3
2486,508,3
2486,509,4
2486,45,4
2486,2923,3
2486,2926,3
2486,1050,4
2486,2791,3
2486,3598,4
2486,527,3
2486,529,3
2486,3741,4
2486,1207,4
2486,1208,5
2486,1066,3
2486,3751,5
2486,1210,4
2486,1213,4
2486,1215,2
2486,2019,5
2486,2959,4
2486,542,1
2486,1079,3
2486,1221,5
2486,1225,4
2486,2028,4
2486,1080,5
2486,1084,4
2486,1230,5
2486,2973,5
2486,1235,4
2486,1237,5
2486,1094,4
2486,1095,4
2486,562,5
2486,1244,4
2486,1245,3
2486,1247,5
2487,1250,4
2487,1252,3
2487,1256,4
2487,590,2
2487,1270,4
2487,1291,5
2487,908,4
2487,1299,2
2487,924,3
2487,3062,4
2487,2407,2
2487,2423,5
2487,3253,3
2487,2470,4
2487,3421,5
2487,2804,5
2487,2670,4
2487,260,4
2487,3671,5
2487,608,3
2487,1307,4
2487,2111,4
2487,1198,5
2487,1378,3
2487,2321,3
2487,858,4
2487,2527,2
2487,3361,3
2487,3363,4
2487,318,4
2487,368,4
2487,2795,4
2487,527,4
2487,1204,3
2487,2012,3
2487,1221,4
2487,1225,4
2488,3936,5
2488,1459,3
2488,3217,5
2488,1617,3
2488,959,5
2488,2443,4
2488,1103,4
2488,3893,4
2488,3105,5
2488,111,4
2488,2724,4
2488,3534,2
2488,1956,4
2488,1961,5
2488,1962,5
2488,356,5
2488,527,5
2488,2028,4
2488,3916,4
2488,1231,4
2489,1248,4
2489,1249,3
2489,1250,4
2489,2054,3
2489,3798,4
2489,2997,5
2489,1258,3
2489,1259,4
2489,586,3
2489,588,3
2489,1,3
2489,2,4
2489,8,4
2489,1407,4
2489,1261,4
2489,3949,4
2489,1265,4
2489,1266,3
2489,733,4
2489,590,5
2489,736,4
2489,593,3
2489,597,3
2489,1414,3
2489,1270,4
2489,2073,4
2489,1275,3
2489,1276,5
2489,2081,4
2489,750,3
2489,1285,3
2489,2088,2
2489,1286,3
2489,2231,3
2489,3039,3
2489,904,4
2489,1296,4
2489,908,4
2489,2243,2
2489,1441,3
2489,2247,3
2489,912,4
2489,780,4
2489,788,2
2489,3203,3
2489,3061,4
2489,2405,3
2489,2406,3
2489,2407,4
2489,1608,3
2489,3068,4
2489,2266,3
2489,2268,3
2489,1466,4
2489,799,3
2489,3210,4
2489,1610,3
2489,2414,3
2489,3071,4
2489,3072,3
2489,1616,3
2489,1617,4
2489,2279,3
2489,1620,3
2489,2424,3
2489,3081,4
2489,1624,3
2489,2427,3
2489,1625,3
2489,3087,3
2489,1485,3
2489,955,4
2489,2431,4
2489,2291,4
2489,1635,3
2489,2439,3
2489,1639,2
2489,969,4
2489,1641,4
2489,1642,3
2489,3247,3
2489,2445,3
2489,1644,4
2489,1645,3
2489,1648,1
2489,3251,3
2489,3253,3
2489,3255,4
2489,3256,3
2489,2455,3
2489,986,4
2489,3408,4
2489,3409,4
2489,3263,3
2489,2463,2
2489,1663,3
2489,2468,3
2489,2469,4
2489,3412,4
2489,3418,4
2489,2470,4
2489,2617,3
2489,3274,3
2489,2478,2
2489,208,4
2489,2620,3
2489,3285,4
2489,3286,3
2489,1689,3
2489,1833,3
2489,224,3
2489,2497,3
2489,3441,4
2489,3448,3
2489,231,3
2489,235,3
2489,3450,4
2489,2804,4
2489,3608,4
2489,3466,3
2489,1864,2
2489,253,4
2489,257,3
2489,259,3
2489,3617,2
2489,3618,3
2489,2671,4
2489,2672,3
2489,3476,3
2489,3481,3
2489,3489,3
2489,1885,3
2489,1892,3
2489,1894,3
2489,3499,2
2489,288,4
2489,2840,3
2489,1101,2
2489,2841,3
2489,2846,4
2489,434,4
2489,292,2
2489,296,5
2489,2858,4
2489,440,3
2489,3809,4
2489,1127,2
2489,1128,3
2489,1129,4
2489,457,3
2489,3811,3
2489,1135,3
2489,603,3
2489,608,5
2489,3825,3
2489,3827,4
2489,3684,2
2489,474,3
2489,480,4
2489,482,3
2489,2100,4
2489,1304,4
2489,1307,4
2489,492,2
2489,2115,4
2489,2118,3
2489,1179,3
2489,648,3
2489,2120,3
2489,2121,2
2489,3865,4
2489,1183,4
2489,1185,4
2489,2132,5
2489,801,4
2489,1193,5
2489,1194,3
2489,1197,4
2489,1198,4
2489,2144,4
2489,1342,3
2489,2145,3
2489,1343,4
2489,2146,3
2489,1347,4
2489,678,4
2489,3893,3
2489,3897,4
2489,1358,4
2489,688,4
2489,3100,4
2489,3101,3
2489,2302,4
2489,1500,3
2489,3107,4
2489,3108,4
2489,2161,3
2489,834,3
2489,2313,4
2489,2174,4
2489,1518,4
2489,1378,3
2489,2321,3
2489,2324,3
2489,3129,4
2489,1527,4
2489,852,4
2489,858,4
2489,2331,3
2489,2333,4
2489,2338,3
2489,2193,3
2489,1393,2
2489,1394,3
2489,1395,3
2489,2341,3
2489,3146,3
2489,2344,4
2489,3147,4
2489,3148,5
2489,879,3
2489,2352,4
2489,1552,4
2489,3157,3
2489,2355,3
2489,2359,5
2489,2501,4
2489,1701,3
2489,2504,4
2489,3307,4
2489,1704,3
2489,2513,2
2489,1711,4
2489,3316,3
2489,3317,4
2489,3173,3
2489,3174,3
2489,3175,3
2489,1717,4
2489,3176,4
2489,1573,3
2489,3178,4
2489,104,3
2489,2378,3
2489,1721,3
2489,1580,4
2489,110,3
2489,3185,4
2489,111,3
2489,3186,3
2489,1729,3
2489,3189,3
2489,1586,3
2489,1589,3
2489,1732,4
2489,2391,3
2489,121,4
2489,2396,4
2489,1597,3
2489,2542,3
2489,1747,3
2489,3355,3
2489,141,4
2489,3501,3
2489,2701,3
2489,3504,3
2489,3362,4
2489,2706,3
2489,150,3
2489,3510,4
2489,2711,3
2489,2712,4
2489,2713,4
2489,2716,4
2489,1914,4
2489,2571,3
2489,2719,3
2489,1777,3
2489,164,3
2489,3524,3
2489,1921,3
2489,3526,3
2489,2724,4
2489,3527,3
2489,2583,3
2489,3386,4
2489,2586,4
2489,1784,4
2489,317,3
2489,318,4
2489,2590,3
2489,3395,3
2489,2739,4
2489,1791,3
2489,322,3
2489,3543,3
2489,3548,4
2489,1945,4
2489,10,3
2489,339,4
2489,3552,3
2489,3553,3
2489,3555,4
2489,3556,3
2489,1015,4
2489,1956,3
2489,1957,2
2489,1958,2
2489,342,4
2489,1959,3
2489,21,2
2489,24,3
2489,25,4
2489,3708,2
2489,2762,4
2489,2763,3
2489,1961,4
2489,1962,4
2489,1965,3
2489,350,3
2489,1968,4
2489,32,3
2489,356,4
2489,34,4
2489,357,4
2489,36,4
2489,39,3
2489,2915,3
2489,2916,3
2489,2917,3
2489,500,4
2489,1036,4
2489,3578,4
2489,1974,3
2489,509,4
2489,364,4
2489,45,3
2489,367,3
2489,46,3
2489,368,4
2489,47,4
2489,1049,3
2489,372,3
2489,50,4
2489,376,4
2489,377,4
2489,3735,4
2489,3591,3
2489,2791,4
2489,1991,3
2489,2795,4
2489,1994,4
2489,2797,4
2489,380,5
2489,527,4
2489,381,4
2489,60,4
2489,2000,4
2489,2003,3
2489,2006,4
2489,1207,4
2489,537,3
2489,539,4
2489,2012,3
2489,3752,2
2489,2950,3
2489,1213,3
2489,3755,4
2489,2959,4
2489,1079,2
2489,89,3
2489,2020,4
2489,2021,3
2489,1220,3
2489,3763,3
2489,2961,3
2489,1222,3
2489,1225,4
2489,2028,4
2489,2966,4
2489,1227,3
2489,1081,2
2489,551,3
2489,1088,3
2489,1089,3
2489,1230,4
2489,1231,3
2489,1090,4
2489,2976,3
2489,1092,3
2489,1093,4
2489,1094,3
2489,708,3
2489,1097,4
2489,1242,4
2489,3785,1
2489,1247,4
2490,1249,4
2490,1259,4
2490,589,4
2490,1261,2
2490,1441,3
2490,994,3
2490,1673,2
2490,3481,1
2490,293,5
2490,2858,5
2490,608,4
2490,481,2
2490,482,5
2490,858,4
2490,3160,4
2490,110,3
2490,1785,5
2490,10,3
2490,3566,3
2490,69,4
2490,538,5
2490,1090,3
2491,3930,1
2491,3931,1
2491,3932,2
2491,3933,1
2491,3938,1
2491,3939,1
2491,587,5
2491,589,5
2491,3940,1
2491,3941,1
2491,3942,1
2491,1407,1
2491,733,5
2491,1275,4
2491,1422,3
2491,1291,4
2491,919,3
2491,786,4
2491,2406,4
2491,1608,4
2491,1610,5
2491,940,3
2491,2430,1
2491,2291,4
2491,969,4
2491,1644,1
2491,1645,5
2491,2454,1
2491,2456,1
2491,3408,4
2491,2470,4
2491,203,4
2491,2628,5
2491,1687,4
2491,1833,4
2491,1693,4
2491,3450,3
2491,3461,5
2491,3470,4
2491,2672,4
2491,260,5
2491,3624,4
2491,3481,5
2491,2688,3
2491,421,1
2491,2840,4
2491,292,2
2491,293,4
2491,3662,1
2491,454,4
2491,611,1
2491,480,4
2491,648,4
2491,2126,4
2491,3868,2
2491,1327,1
2491,3869,1
2491,1196,5
2491,1197,3
2491,1198,5
2491,2161,3
2491,832,4
2491,2334,4
2491,861,4
2491,1544,5
2491,2353,4
2491,1552,5
2491,100,5
2491,1717,1
2491,1573,4
2491,3328,4
2491,1580,5
2491,110,5
2491,2529,1
2491,2530,1
2491,2532,1
2491,2533,1
2491,1732,4
2491,2399,1
2491,3345,1
2491,144,4
2491,1769,5
2491,165,4
2491,2722,2
2491,172,4
2491,3535,2
2491,1792,3
2491,10,3
2491,349,4
2491,2762,4
2491,1961,5
2491,1969,1
2491,2916,4
2491,1970,1
2491,1971,1
2491,1972,1
2491,1035,1
2491,1973,1
2491,1976,1
2491,1977,1
2491,366,1
2491,370,1
2491,380,4
2491,1204,5
2491,2948,4
2491,70,4
2491,1210,5
2491,543,2
2491,89,4
2491,1085,5
2491,1089,5
2491,92,1
2491,95,4
2491,3917,1
2492,2987,3
2492,2054,3
2492,1259,5
2492,2,3
2492,2067,3
2492,1265,2
2492,3014,1
2492,1270,4
2492,2080,5
2492,2086,3
2492,2087,5
2492,902,5
2492,1291,3
2492,912,4
2492,915,5
2492,2253,2
2492,920,5
2492,788,3
2492,2406,3
2492,954,5
2492,2291,4
2492,3244,4
2492,1643,4
2492,2628,5
2492,1682,5
2492,3438,1
2492,3439,1
2492,2804,5
2492,2671,5
2492,260,5
2492,3489,2
2492,1104,3
2492,3668,4
2492,608,5
2492,3685,3
2492,2100,5
2492,1307,5
2492,1185,5
2492,1196,5
2492,1197,5
2492,1198,4
2492,1357,5
2492,2160,3
2492,2161,3
2492,2174,4
2492,2193,5
2492,1394,3
2492,898,5
2492,1722,2
2492,2396,5
2492,2399,3
2492,3360,3
2492,3361,4
2492,2716,3
2492,317,3
2492,318,5
2492,1946,5
2492,1019,3
2492,1957,3
2492,342,4
2492,3703,3
2492,3704,3
2492,1960,4
2492,1967,4
2492,1968,4
2492,356,5
2492,357,4
2492,2918,4
2492,1036,3
2492,377,3
2492,2797,4
2492,527,5
2492,383,4
2492,2005,3
2492,534,5
2492,1210,5
2492,2015,3
2492,2017,3
2492,1073,4
2492,2020,3
2492,2021,2
2492,1225,4
2492,1228,3
2492,1230,3
2492,1231,4
2492,1097,5
2492,1240,3
2492,2043,2
2492,1247,5
2493,2053,3
2493,3793,4
2493,2054,3
2493,1252,5
2493,589,5
2493,1269,5
2493,593,3
2493,1284,5
2493,3033,4
2493,903,5
2493,904,5
2493,3044,3
2493,913,5
2493,920,2
2493,924,3
2493,2407,3
2493,1610,3
2493,1617,4
2493,1625,4
2493,2288,2
2493,2467,2
2493,2641,3
2493,3452,4
2493,260,4
2493,3623,3
2493,3624,5
2493,2841,5
2493,293,4
2493,1127,3
2493,1129,2
2493,451,4
2493,457,3
2493,608,3
2493,3826,2
2493,3827,2
2493,3698,3
2493,3863,3
2493,3864,2
2493,800,5
2493,3879,3
2493,1196,5
2493,1199,3
2493,2140,2
2493,3898,3
2493,1358,3
2493,2302,5
2493,1373,3
2493,1374,5
2493,1375,2
2493,1376,5
2493,2184,4
2493,866,2
2493,3300,4
2493,3316,3
2493,3176,2
2493,2377,1
2493,1589,4
2493,3190,2
2493,1748,2
2493,1913,2
2493,2571,3
2493,164,3
2493,3527,5
2493,3386,3
2493,2741,4
2493,3555,3
2493,3700,4
2493,1964,4
2493,32,2
2493,3578,4
2493,50,3
2493,3730,5
2493,1200,5
2493,3744,3
2493,2946,4
2493,3753,4
2493,1212,5
2493,3755,2
2493,1214,5
2493,541,5
2493,1089,3
2493,3770,5
2493,1097,4
2493,1240,5
2493,2985,3
2493,3788,5
2494,2997,1
2494,3006,3
2494,597,4
2494,1614,1
2494,1617,5
2494,1625,4
2494,1627,2
2494,1644,2
2494,3466,3
2494,2671,1
2494,3477,3
2494,2858,5
2494,441,4
2494,2881,4
2494,2888,1
2494,2889,3
2494,648,3
2494,2126,1
2494,1367,3
2494,2324,3
2494,2355,3
2494,1711,2
2494,1732,5
2494,1590,1
2494,1753,4
2494,141,3
2494,1909,4
2494,160,2
2494,1784,5
2494,2599,3
2494,11,2
2494,356,5
2494,34,3
2494,39,3
2494,380,3
2494,527,5
2494,70,3
2494,1092,2
2495,1282,3
2495,1457,4
2495,1479,4
2495,3081,3
2495,207,3
2495,2628,3
2495,2485,4
2495,239,2
2495,2805,4
2495,2671,3
2495,1888,3
2495,440,4
2495,605,5
2495,3824,1
2495,3863,4
2495,802,3
2495,1197,1
2495,3884,2
2495,3114,5
2495,2340,2
2495,1569,5
2495,1721,2
2495,135,3
2495,3512,5
2495,1777,4
2495,2724,5
2495,3536,4
2495,11,5
2495,339,4
2495,22,3
2495,2761,2
2495,39,3
2495,361,3
2495,377,4
2495,380,4
2495,3743,4
2495,2006,3
2495,539,5
2495,73,5
2496,2987,3
2496,1248,4
2496,2988,2
2496,2989,3
2496,3930,2
2496,3931,1
2496,3932,4
2496,3934,3
2496,3935,3
2496,3936,4
2496,1250,3
2496,2991,3
2496,1252,3
2496,1253,5
2496,2993,3
2496,1254,5
2496,2057,3
2496,1258,4
2496,1259,3
2496,585,1
2496,586,3
2496,589,4
2496,1,3
2496,3005,3
2496,1405,2
2496,1407,2
2496,1408,5
2496,1263,2
2496,2067,4
2496,1265,3
2496,1266,3
2496,733,2
2496,1267,5
2496,1269,5
2496,590,3
2496,592,3
2496,593,3
2496,3011,3
2496,3015,3
2496,2070,3
2496,2072,2
2496,1270,2
2496,1272,5
2496,1276,5
2496,1278,5
2496,1282,4
2496,2085,2
2496,1283,5
2496,750,5
2496,1284,4
2496,2088,2
2496,1287,5
2496,3032,3
2496,3033,4
2496,2232,3
2496,3037,4
2496,903,4
2496,904,4
2496,1292,4
2496,905,3
2496,1293,3
2496,762,1
2496,908,4
2496,1299,3
2496,2243,3
2496,2245,3
2496,912,5
2496,913,5
2496,914,4
2496,920,5
2496,923,5
2496,924,4
2496,780,2
2496,926,2
2496,786,2
2496,788,4
2496,3203,2
2496,3204,3
2496,2406,3
2496,2407,2
2496,2409,4
2496,3066,4
2496,1608,1
2496,931,3
2496,2268,3
2496,1468,1
2496,2410,2
2496,2411,2
2496,2412,2
2496,1610,4
2496,2413,3
2496,3074,4
2496,940,2
2496,945,4
2496,948,5
2496,949,4
2496,3081,2
2496,2427,2
2496,1625,3
2496,950,4
2496,2287,4
2496,1485,3
2496,2288,3
2496,952,3
2496,953,4
2496,3230,3
2496,3095,5
2496,1499,2
2496,965,3
2496,968,3
2496,1641,1
2496,1645,3
2496,976,3
2496,2450,1
2496,2454,2
2496,2455,2
2496,3404,3
2496,3262,2
2496,3263,1
2496,1663,3
2496,2468,1
2496,2469,2
2496,2613,2
2496,3271,5
2496,3418,3
2496,2470,2
2496,2472,3
2496,2476,2
2496,1674,3
2496,1676,3
2496,208,2
2496,3421,4
2496,3427,3
2496,2628,2
2496,3430,3
2496,3435,5
2496,2633,4
2496,3296,3
2496,1694,4
2496,2640,3
2496,2641,2
2496,3444,1
2496,2642,2
2496,3445,3
2496,2644,4
2496,2645,3
2496,3448,3
2496,2648,5
2496,230,4
2496,231,3
2496,2651,1
2496,2652,2
2496,2654,3
2496,2657,4
2496,2804,4
2496,2660,5
2496,2662,5
2496,2664,5
2496,2665,2
2496,3469,4
2496,2668,2
2496,3471,3
2496,2670,3
2496,1876,2
2496,260,3
2496,410,2
2496,3486,4
2496,3489,2
2496,273,5
2496,277,2
2496,3635,3
2496,3639,3
2496,3494,3
2496,3498,3
2496,3499,3
2496,426,3
2496,2699,2
2496,428,2
2496,1101,3
2496,1103,4
2496,1104,4
2496,3648,1
2496,432,3
2496,296,4
2496,3654,3
2496,2857,3
2496,3809,4
2496,1124,2
2496,1125,3
2496,1127,2
2496,1128,3
2496,1129,2
2496,455,1
2496,457,3
2496,3671,4
2496,1130,3
2496,2871,3
2496,2872,3
2496,3675,4
2496,1135,2
2496,1136,4
2496,608,3
2496,3681,4
2496,3682,3
2496,3685,4
2496,474,3
2496,3833,1
2496,3834,2
2496,3693,2
2496,3694,2
2496,3695,2
2496,3697,3
2496,480,3
2496,485,3
2496,1301,5
2496,1302,3
2496,1303,5
2496,1304,3
2496,2109,3
2496,2110,3
2496,2113,2
2496,2115,3
2496,2116,2
2496,2118,3
2496,1173,4
2496,1179,3
2496,648,2
2496,2120,4
2496,2122,2
2496,1320,2
2496,1321,3
2496,2124,2
2496,3865,3
2496,3868,3
2496,1327,2
2496,3869,3
2496,1183,1
2496,1189,4
2496,2132,3
2496,1331,4
2496,1333,4
2496,2136,2
2496,1334,3
2496,802,3
2496,1337,4
2496,1339,2
2496,1193,5
2496,1196,2
2496,1198,4
2496,667,1
2496,1340,3
2496,1343,3
2496,1344,3
2496,1345,4
2496,1348,4
2496,674,3
2496,2150,2
2496,1350,3
2496,1358,5
2496,2302,3
2496,3105,3
2496,3107,3
2496,1503,1
2496,3111,4
2496,2311,4
2496,3114,3
2496,2313,4
2496,1370,2
2496,1371,3
2496,2174,3
2496,1372,3
2496,1373,2
2496,2176,3
2496,1374,4
2496,1375,2
2496,842,2
2496,1376,3
2496,1380,1
2496,2183,3
2496,1381,1
2496,2186,4
2496,1387,5
2496,1388,1
2496,1389,1
2496,858,5
2496,3135,3
2496,2335,2
2496,1391,4
2496,2194,3
2496,3147,5
2496,2346,3
2496,3152,3
2496,3153,2
2496,1552,1
2496,2501,3
2496,2363,4
2496,3168,4
2496,2366,3
2496,897,4
2496,2513,4
2496,1711,2
2496,2514,3
2496,2517,4
2496,2375,2
2496,2376,1
2496,104,4
2496,3179,2
2496,105,2
2496,2378,2
2496,2379,2
2496,2524,3
2496,2380,2
2496,2527,4
2496,2381,2
2496,2528,4
2496,2382,2
2496,1580,3
2496,110,4
2496,2529,2
2496,2383,2
2496,1727,1
2496,111,3
2496,2384,3
2496,1584,2
2496,1587,2
2496,3330,3
2496,2530,1
2496,2531,1
2496,3334,4
2496,2533,1
2496,1732,3
2496,2535,2
2496,2392,2
2496,2539,3
2496,3196,3
2496,3198,3
2496,1595,1
2496,2398,5
2496,1748,3
2496,2550,3
2496,2553,4
2496,2554,3
2496,141,2
2496,2700,1
2496,2701,2
2496,3504,3
2496,3505,3
2496,3508,3
2496,3362,3
2496,3363,4
2496,3365,5
2496,3366,3
2496,151,4
2496,2710,1
2496,2716,3
2496,2717,2
2496,3375,3
2496,2719,1
2496,1917,3
2496,3379,3
2496,1777,2
2496,161,2
2496,165,3
2496,169,1
2496,1921,2
2496,3527,3
2496,1923,3
2496,1924,2
2496,3529,3
2496,2728,4
2496,1927,5
2496,316,2
2496,317,3
2496,318,4
2496,2730,2
2496,2736,3
2496,1935,5
2496,2739,3
2496,328,2
2496,3545,3
2496,1941,4
2496,3546,4
2496,1943,3
2496,2746,3
2496,1944,3
2496,2747,3
2496,1009,1
2496,1947,4
2496,1949,3
2496,333,2
2496,12,3
2496,19,3
2496,3551,4
2496,3552,4
2496,1950,3
2496,1951,4
2496,1014,2
2496,1953,3
2496,1954,4
2496,1017,3
2496,1019,3
2496,1958,3
2496,344,3
2496,3702,2
2496,3564,1
2496,2762,5
2496,1960,3
2496,2764,5
2496,1962,4
2496,355,1
2496,356,5
2496,34,4
2496,2916,3
2496,2770,2
2496,2917,4
2496,500,2
2496,1035,5
2496,1036,4
2496,364,4
2496,367,3
2496,47,3
2496,2921,4
2496,3724,2
2496,2922,4
2496,3729,3
2496,2781,2
2496,1982,4
2496,1983,2
2496,2788,2
2496,370,3
2496,2789,2
2496,3734,3
2496,3735,3
2496,2791,3
2496,2792,2
2496,520,3
2496,1994,3
2496,1997,4
2496,527,5
2496,1998,2
2496,1999,3
2496,1200,3
2496,1201,5
2496,1203,2
2496,2006,3
2496,1204,4
2496,1206,4
2496,2009,4
2496,1207,3
2496,2947,5
2496,1208,4
2496,2948,5
2496,2949,4
2496,533,3
2496,2011,1
2496,2012,1
2496,3752,3
2496,2013,3
2496,2951,4
2496,1212,4
2496,2015,1
2496,1213,4
2496,2953,1
2496,1215,2
2496,1219,5
2496,541,2
2496,1077,3
2496,1079,2
2496,2021,2
2496,1220,4
2496,2023,3
2496,1221,3
2496,1222,4
2496,1224,5
2496,1225,4
2496,2028,4
2496,1226,3
2496,1080,4
2496,1227,5
2496,3769,3
2496,1083,3
2496,1084,4
2496,551,4
2496,1085,3
2496,552,3
2496,1086,5
2496,3917,1
2496,1230,3
2496,3918,1
2496,3919,1
2496,2034,1
2496,1233,4
2496,1234,4
2496,1090,2
2496,1092,2
2496,1094,1
2496,1095,3
2496,1097,3
2496,1099,4
2496,3923,2
2496,3926,3
2496,3780,2
2496,3927,1
2496,2042,1
2496,1240,3
2496,3928,1
2496,1244,3
2496,2985,3
2496,1246,3
2496,2986,2
2496,1247,4
2497,1251,3
2497,1252,5
2497,1263,5
2497,592,4
2497,595,5
2497,3015,3
2497,1270,5
2497,1276,5
2497,1287,3
2497,900,4
2497,902,5
2497,1292,5
2497,2243,5
2497,911,5
2497,912,5
2497,923,5
2497,926,5
2497,3204,4
2497,3206,4
2497,2407,5
2497,2408,4
2497,2262,4
2497,1608,5
2497,932,5
2497,2413,4
2497,2294,5
2497,969,4
2497,971,5
2497,3257,4
2497,2470,4
2497,2474,5
2497,3421,5
2497,222,4
2497,3600,5
2497,3471,5
2497,260,5
2497,2829,5
2497,1883,5
2497,3649,4
2497,2858,4
2497,440,5
2497,2866,5
2497,3671,5
2497,2870,5
2497,2871,5
2497,616,4
2497,1304,5
2497,2110,4
2497,1173,4
2497,3873,5
2497,1193,5
2497,2168,5
2497,3112,3
2497,2312,5
2497,1517,3
2497,2174,4
2497,1377,3
2497,3132,5
2497,1541,3
2497,2352,5
2497,3155,5
2497,2355,5
2497,1562,5
2497,3167,5
2497,2369,5
2497,105,5
2497,110,5
2497,1584,5
2497,3359,5
2497,141,5
2497,144,4
2497,3361,5
2497,3363,5
2497,150,5
2497,153,4
2497,1772,4
2497,3524,5
2497,3525,4
2497,1784,5
2497,3543,5
2497,3545,5
2497,1942,5
2497,3548,4
2497,1944,4
2497,1008,5
2497,11,5
2497,3552,4
2497,1957,5
2497,3706,2
2497,1022,5
2497,350,5
2497,1968,4
2497,356,5
2497,34,5
2497,39,4
2497,2770,5
2497,2917,4
2497,3724,5
2497,3584,3
2497,3730,5
2497,3731,4
2497,2791,4
2497,2797,5
2497,1206,5
2497,2011,4
2497,2012,4
2497,2950,3
2497,2015,4
2497,1214,2
2497,2020,5
2497,1220,4
2497,1225,5
2497,1082,5
2497,1084,5
2497,1086,5
2497,1088,5
2497,1230,3
2497,2971,5
2497,1092,4
2497,1099,5
2497,1246,5
2498,1248,5
2498,3930,3
2498,3932,4
2498,3936,4
2498,3792,4
2498,1252,5
2498,587,3
2498,589,1
2498,2202,5
2498,2206,4
2498,2208,4
2498,1260,5
2498,1266,4
2498,1267,4
2498,590,4
2498,593,4
2498,599,5
2498,2212,3
2498,2076,1
2498,1422,2
2498,1283,4
2498,1284,4
2498,902,1
2498,903,4
2498,904,2
2498,1438,3
2498,908,3
2498,911,3
2498,913,5
2498,922,3
2498,924,4
2498,2401,4
2498,3204,4
2498,1608,4
2498,2268,3
2498,933,3
2498,2414,3
2498,3074,4
2498,1617,5
2498,942,5
2498,1479,3
2498,950,3
2498,2287,4
2498,2288,4
2498,3230,5
2498,964,4
2498,965,4
2498,3251,2
2498,3262,1
2498,2467,3
2498,2617,2
2498,2478,1
2498,1687,4
2498,3435,5
2498,1831,1
2498,230,4
2498,2803,3
2498,3467,4
2498,266,1
2498,3623,1
2498,2826,4
2498,3487,3
2498,2688,3
2498,3634,4
2498,426,1
2498,2699,1
2498,3644,3
2498,3801,5
2498,1127,3
2498,1129,1
2498,454,3
2498,457,4
2498,3671,2
2498,2871,2
2498,3681,3
2498,3683,4
2498,2881,3
2498,1304,2
2498,3849,5
2498,648,3
2498,2122,3
2498,1320,3
2498,1335,1
2498,1343,4
2498,1344,4
2498,3893,2
2498,3101,3
2498,2160,3
2498,839,1
2498,2311,3
2498,2176,5
2498,2179,4
2498,1378,1
2498,1379,1
2498,2180,3
2498,2181,3
2498,2186,4
2498,2338,1
2498,1541,5
2498,2346,4
2498,1544,3
2498,880,2
2498,1711,4
2498,2527,1
2498,3334,5
2498,2550,1
2498,2554,3
2498,3508,4
2498,3365,4
2498,1909,3
2498,303,1
2498,165,3
2498,3529,3
2498,1007,3
2498,1008,3
2498,16,4
2498,3551,5
2498,1950,3
2498,1953,4
2498,2763,3
2498,2764,3
2498,1964,1
2498,350,3
2498,2917,5
2498,1036,4
2498,368,4
2498,47,3
2498,2921,3
2498,2922,1
2498,377,4
2498,2939,4
2498,1994,4
2498,1995,2
2498,527,4
2498,383,3
2498,1200,3
2498,2009,4
2498,2012,1
2498,1212,5
2498,1219,4
2498,540,2
2498,541,1
2498,3908,1
2498,1227,5
2498,2967,4
2498,1086,3
2498,553,4
2498,3770,5
2498,1092,3
2498,3921,1
2498,3923,1
2498,1240,1
2498,3929,4
2498,2983,5
2499,2987,3
2499,2995,2
2499,3005,5
2499,1270,3
2499,3053,3
2499,3203,3
2499,3219,4
2499,3081,2
2499,2433,5
2499,3238,2
2499,965,5
2499,968,2
2499,2605,5
2499,3408,5
2499,2669,5
2499,2670,5
2499,3623,4
2499,2683,2
2499,2688,4
2499,2699,4
2499,1127,3
2499,3101,3
2499,3113,3
2499,2336,4
2499,3175,4
2499,3176,5
2499,2526,2
2499,3185,3
2499,2707,5
2499,2712,1
2499,2716,3
2499,2719,2
2499,2724,4
2499,3384,5
2499,2734,4
2499,2598,3
2499,1959,5
2499,24,3
2499,2906,3
2499,2762,5
2499,2918,4
2499,43,4
2499,2013,5
2499,86,5
2499,2961,3
2499,552,3
2499,2038,3
2500,1250,4
2500,2058,4
2500,1408,4
2500,1263,3
2500,733,4
2500,736,4
2500,1272,4
2500,3029,4
2500,750,3
2500,3035,4
2500,902,3
2500,1294,5
2500,908,4
2500,1445,2
2500,912,3
2500,920,5
2500,780,4
2500,786,4
2500,2402,4
2500,2404,4
2500,3062,4
2500,3066,4
2500,1608,4
2500,1610,5
2500,1616,4
2500,1488,4
2500,969,2
2500,1801,4
2500,3406,3
2500,996,3
2500,3418,3
2500,1673,2
2500,204,5
2500,208,3
2500,2628,4
2500,1687,4
2500,1833,4
2500,2490,4
2500,3441,4
2500,3450,3
2500,2808,3
2500,2815,3
2500,2816,3
2500,2670,4
2500,2817,4
2500,2818,3
2500,1876,3
2500,266,3
2500,420,4
2500,288,1
2500,1100,4
2500,434,4
2500,292,3
2500,3654,4
2500,2858,4
2500,442,3
2500,457,5
2500,459,3
2500,464,4
2500,3681,4
2500,2881,4
2500,474,4
2500,3836,3
2500,3697,3
2500,480,4
2500,485,2
2500,3841,3
2500,647,4
2500,648,4
2500,1183,2
2500,3871,4
2500,804,4
2500,1196,4
2500,2160,2
2500,2167,3
2500,694,4
2500,849,3
2500,1527,4
2500,1382,4
2500,1385,4
2500,2334,4
2500,1544,3
2500,2353,4
2500,1552,4
2500,897,3
2500,1573,4
2500,1722,3
2500,1580,3
2500,110,4
2500,2529,3
2500,1586,3
2500,1591,3
2500,3196,3
2500,1597,4
2500,1744,4
2500,1752,3
2500,3366,4
2500,3367,3
2500,151,4
2500,2571,4
2500,1917,4
2500,303,3
2500,161,4
2500,163,3
2500,165,4
2500,316,3
2500,1792,4
2500,1004,4
2500,10,3
2500,349,5
2500,2763,4
2500,356,4
2500,1035,4
2500,368,4
2500,1047,4
2500,1049,4
2500,517,4
2500,379,4
2500,2791,4
2500,380,5
2500,527,4
2500,2002,4
2500,1200,3
2500,2941,3
2500,2006,4
2500,1204,4
2500,2944,4
2500,2948,4
2500,1210,4
2500,3753,5
2500,547,3
2500,548,4
2500,86,4
2500,1222,3
2500,3766,3
2500,3767,3
2500,2028,5
2500,3768,3
2500,95,4
2500,1090,3
